0.009954434590643251174
 0.01000000000000000021
0.009999999989965995331
 0.01000000000000000021
 0.01000000000000000021
0.009997766232992637281
 0.01000000000000000021
0.009601751897599734506
0.009995808966490212638
0.009793091801350472386
 0.01000000000000000021
 0.01000000000000000021
 0.01000000000000000021
 0.01000000000000000021
0.009998948265732134771
 0.01000000000000000021
0.009999999999999998473
0.009999973151434755902
0.009999046323139065134
 0.01000000000000000021
 0.01000000000000000021
 0.01000000000000000021
0.009999625572314060559
 0.01000000000000000021
 0.01000000000000000021
 0.01000000000000000021
0.009820226342788510726
0.007992596379470209844
 0.01000000000000000021
 0.01000000000000000021
0.009922454700529298455
 0.00994274700651683746
0.009999991569363885641
0.009999999999999998473
 0.01000000000000000021
 0.01000000000000000021
0.009766505784031343299
0.007304967851087475553
0.009999999999999941228
 0.01000000000000000021
0.009981351420878893654
0.009694514445732676025
0.009945810896956281191
 0.00999999999999964459
0.009999999995711215603
0.009998857385635906772
 0.00999999999984945917
 0.00999865753930713648
0.009999999999995852484
 0.01000000000000000021
 0.01000000000000000021
 0.01000000000000000021
0.009998791693918377549
 0.01000000000000000021
0.009999999999298203948
 0.01000000000000000021
0.009999963882137821725
0.009999999999999998473
 0.01000000000000000021
 0.00999984638468787157
0.009746999047402536004
0.008310364725919042531
0.009992900295634899246
0.009999534160909017907
0.009783537412492994759
0.009609572000924005916
0.009999999999997144853
0.009999986359175991671
 0.01000000000000000021
0.009051489183919283685
0.009999999999999998473
 0.01000000000000000021
0.009999999999805867304
0.009999999999999998473
 0.01000000000000000194
 0.00999999999999955265
0.009999999675765062698
0.009998802134964665522
 0.00972690398248335017
0.006480421853630366144
 0.01000000000000000021
 0.00999999999999550554
0.009999882023205423562
0.009999999999250663851
 0.01000000000000000021
0.009996776624984004406
 0.01000000000000000021
0.009836029236219883537
0.009999999999993767347
 0.01000000000000000194
0.009301205466766672078
0.009977692982987618198
0.009999999999277161752
 0.00999999996973141049
0.007086628359706113184
 0.00958125646766208941
0.009999999999999991535
0.009970013545027389332
 0.01000000000000000021
0.009981948653469080099
0.009999992660816848372
0.009999569893909671797
0.009999978385525307503
0.009999879589268177368
0.009997177551393291589
0.009958191075318966259
 0.01000000000000000194
0.009999915040980236411
 0.00999999999999998633
0.009999999999991713434
0.009992133354441769602
 0.01000000000000000021
 0.01000000000000000194
0.008208711598251360389
0.009999999993309785853
0.009984220447021371556
 0.01000000000000000021
0.009999999999999998473
 0.01000000000000000021
0.008794262076839016659
 0.01000000000000000021
0.009999999999999998473
0.009999999935885132279
0.008932448327395802259
0.009999999999999998473
0.009999999999999434688
 0.01000000000000000021
0.009999999964892503437
 0.01000000000000000021
0.009997996225156730379
 0.01000000000000000021
 0.01000000000000000021
 0.01000000000000000194
0.009999999824363160067
 0.01000000000000000021
0.009809200715949588367
0.009999999999998248137
 0.01000000000000000194
 0.01000000000000000021
 0.00791241280465972488
0.009403058282498313533
0.009999992620564177384
0.008793891255939382395
0.009977885070673164075
0.009986972417740241914
0.009999999999999998473
 0.01000000000000000021
0.009972136690738883993
0.009999999999999998473
0.009999999999990653518
 0.01000000000000000021
0.009999999984191727115
0.009983429608779448988
0.009999953743278647625
 0.00999999852298818874
 0.01000000000000000021
0.009635976073605145506
 0.01000000000000000021
0.009999999944361868953
0.009973796732606217061
0.008504402249420520143
0.009999987828980858029
 0.01000000000000000021
0.007282943006601752187
0.009999999999991940683
0.009995614648885603123
0.009999999999999993269
0.009997180846112087987
0.009999999999999998473
0.009998533897765829112
0.009999813396399563972
0.009999999999819670499
0.009999770984435841711
0.008889032763673471518
 0.01000000000000000021
0.009999668267437736638
0.009999955481432865403
 0.01000000000000000021
0.008882207319408525273
0.009930915078381946995
 0.01000000000000000021
0.007846303617184047577
 0.01000000000000000021
0.009998731101024527571
 0.01000000000000000194
0.009999999999999793776
0.009952435839102925091
0.009998291405823520051
0.009974894529741311355
0.009968451314859532245
0.009999999976782971214
0.008005334438111818759
0.009999999999824718544
 0.00999971038688510748
0.009999991671337136664
0.008723061961868273234
0.009999999999999398259
0.009991972700091130907
0.009999999999999998473
  0.0091174663797339104
 0.01000000000000000021
 0.01000000000000000021
0.009999999999799131373
0.009837878739153442867
0.009999999999981855001
0.009993549761498703513
 0.00999590257045592824
0.008702207511157120101
0.009999999498807466553
0.009992886733095790106
 0.01000000000000000021
 0.01000000000000000021
 0.00999999815776382063
0.009999999999999998473
0.009999739922583820648
0.008589505638451930963
0.009999999999741108342
 0.01000000000000000021
0.009948363576677979672
 0.01000000000000000021
0.009999999999999998473
 0.01000000000000000021
 0.01000000000000000021
0.009996539539742240951
0.008727611001338177535
0.009995884061403982612
0.007921822440933035114
0.008758279539959881385
0.009898112372647475954
0.009998093334481086489
0.009999878166750028954
 0.01000000000000000021
0.009320761043372293927
0.009999999999999998473
 0.01000000000000000021
0.009999956455087593427
 0.01000000000000000021
0.009999999654175039526
0.009960540770623367568
0.009977810334884314875
0.009977806401724544777
0.009243668534709649845
  0.0099999999999999898
0.009999998068539241516
0.008925347084701303405
0.009999999998038130306
 0.01000000000000000021
0.009987979606692542686
 0.01000000000000000021
0.009998274866243878414
0.009999999999994974714
0.009999067427657317916
 0.01000000000000000021
0.009999984393000439439
0.009723992696519785303
 0.01000000000000000021
 0.01000000000000000021
 0.00837704276875323936
0.009999999968851161491
 0.01000000000000000021
0.009666971881591504556
 0.01000000000000000021
0.009999995931388665216
0.009999999996323883505
0.009999995135785363226
0.009816952181903067579
 0.00641933144508759039
0.008877959690597656689
 0.01000000000000000021
0.009937492799552166689
0.009999999999999783368
 0.01000000000000000021
0.009999999999936051362
0.009989575565619334893
 0.01000000000000000021
0.009999999999999998473
 0.01000000000000000021
 0.01000000000000000021
0.009999999999999996739
0.008472215243981798261
0.009357735419377330444
0.009999999901569149932
0.009999859812724117003
 0.01000000000000000021
 0.01000000000000000021
0.009999999999986942945
 0.00999991911110198993
 0.01000000000000000021
0.008158596390087504563
0.009999998640355058435
0.008476706495858190096
0.009995938407183803387
 0.01000000000000000021
0.009999999999999398259
0.009936252901351513844
0.009231221996885240547
0.009999999980760933271
 0.01000000000000000021
 0.01000000000000000194
0.009999388995494570137
0.009969740216331297866
0.009999999999999998473
 0.01000000000000000021
 0.01000000000000000021
0.009996530156334837436
0.009999998412080697216
 0.00999214971025909858
 0.01000000000000000021
0.009804266868466537249
 0.00947604329138407829
 0.01000000000000000021
0.009999999996689780055
 0.00976978612256346364
0.009892407637038028861
0.009999999999949587409
 0.01000000000000000194
0.009999999946352547409
0.009625365079373343277
 0.00885335279978961831
 0.01000000000000000021
 0.01000000000000000194
0.009999969911572684569
0.009999999999734028935
0.009999999999600692885
 0.00989190899468654801
 0.01000000000000000021
0.009999999999999993269
0.008290183420390069557
 0.01000000000000000021
0.009999999999999998473
0.009999855520735848741
0.006169003743814593411
 0.01000000000000000021
 0.00795735901812954019
0.006384409580077752937
 0.01000000000000000021
0.009660106443743193133
 0.01000000000000000021
 0.01000000000000000021
0.009740989772107100722
0.008633766970973953334
0.009988137193288745483
0.009999999999999998473
 0.01000000000000000021
 0.01000000000000000021
 0.01000000000000000194
0.009999999998628878242
0.009998263408408723796
0.009999999328659669659
 0.00999999960051530315
 0.01000000000000000021
  0.0095280502179150902
0.009997716569839103229
0.009999991724359256345
 0.00976032900676734351
 0.01000000000000000021
0.009999965414750596263
0.009999997628980765094
0.009999810393012875318
0.009999999999987454688
 0.01000000000000000021
0.009999998257930705833
0.009656497839539188166
0.008003790986220716414
 0.01000000000000000021
0.005925147167513747197
 0.01000000000000000021
0.009999999999999998473
0.009999999999999998473
0.009438560295402314074
0.009997618619144320665
 0.01000000000000000021
0.009999999979239688336
0.009999945205609744175
0.009999999650373082513
0.009999804818270324053
0.009999967117998952854
0.008466050257746672233
0.009999999999999974187
 0.01000000000000000021
0.009293728992616642759
0.009999999015726113855
0.009999999999128525441
 0.01000000000000000021
0.009999999999967279854
0.009275688252421126351
0.009416018461901114536
 0.01000000000000000021
0.009700154765670375087
 0.01000000000000000021
0.009919047334231543764
0.009998719506817230207
 0.00999999999999973653
0.005972897036624311672
0.008945422247898401208
 0.00988136395545783329
0.009994305483863090422
0.009999998834485176666
0.008377447316401560873
 0.00999999998693583067
0.009999999993230928794
0.009999999913681289349
 0.01000000000000000021
0.009999998625880022682
0.009999999999999932554
 0.01000000000000000021
 0.00958152649033732623
0.008146127626113625758
0.009999999999699547837
0.009999999999985834456
0.009999999947435396497
0.009999999997749860897
0.009047582880314300816
0.009998427223722067617
0.009999486546877602369
 0.01000000000000000021
0.009712868542219213475
0.008344161261995981446
0.006878576508009814731
 0.01000000000000000021
0.009872635711630299224
0.009985466747294498985
 0.01000000000000000021
0.009053494728509187475
0.009999999998882506957
0.009999999999999186623
0.009999999999999713979
0.009996015960652339383
0.009995825826353065685
0.009999888058041252539
0.009999466100428516455
0.009989704641158994244
0.005641670050455245555
0.009999998543743874105
 0.01000000000000000021
0.009992513511529979575
0.009999999992306340263
0.009938162233910818183
 0.01000000000000000021
0.009999999999999998473
0.008866929846976628546
 0.01000000000000000021
0.009999999999995382374
0.009999407317710904547
0.009264399787254178065
 0.01000000000000000194
0.009915525645262044871
  0.0099999997669534893
 0.01000000000000000021
 0.01000000000000000021
 0.01000000000000000194
0.009999999999999998473
 0.01000000000000000021
0.009998822185705366974
 0.00999999999999769823
0.009999999999999998473
 0.01000000000000000021
0.009999978794815988711
 0.01000000000000000021
0.008061730018922302551
0.009824884294026833137
 0.01000000000000000021
0.005270680390976795887
 0.01000000000000000194
 0.01000000000000000021
 0.01000000000000000021
 0.01000000000000000021
0.009998109702271211485
0.009999980136632046282
0.009773149698768428609
0.009999999999998284567
 0.01000000000000000021
0.009724655692176904787
  0.0099973209778318195
0.009999999932268419447
 0.01000000000000000021
 0.01000000000000000021
0.009990283607408848021
 0.01000000000000000194
 0.01000000000000000021
 0.00979163702613784423
0.009999999999999998473
0.009763351521744090614
0.009999847124260222847
0.009999999999999998473
0.009961024791108906429
0.009307332008830201953
0.008874729263400589138
0.009758685695988632627
0.009340184965193931363
0.009918968847758098326
0.009999999999999547445
0.009690792561803843186
0.009999999999999998473
0.009999999655518043359
 0.01000000000000000021
 0.01000000000000000021
 0.01000000000000000194
 0.01000000000000000021
 0.01000000000000000021
0.009999999999995271352
0.009999999999999998473
