0.009988459634204242821
 0.01000000000000000021
0.009999999997290896434
 0.01000000000000000021
 0.01000000000000000021
0.009999534671765158284
 0.01000000000000000021
0.009708570045130794635
0.009998449392834837107
0.009938017540046724732
 0.01000000000000000021
 0.01000000000000000021
 0.01000000000000000021
 0.01000000000000000021
 0.00999974109881724034
 0.01000000000000000021
 0.01000000000000000021
0.009999993073715698899
0.009999656660550096388
 0.01000000000000000021
 0.01000000000000000021
 0.01000000000000000021
0.009999879802161692685
 0.01000000000000000021
 0.01000000000000000021
 0.01000000000000000021
0.009940883753371718493
0.009037729488440436956
 0.01000000000000000021
 0.01000000000000000021
0.009966034042471606444
0.009974347606863722196
0.009999997789399014958
 0.01000000000000000021
 0.01000000000000000021
 0.01000000000000000194
0.009814926625775030611
0.009652434145449570457
0.009999999999999984596
 0.01000000000000000021
0.009997247214529264916
0.009921504124979208666
0.009985037015005178082
0.009999999999999904798
0.009999999998842039328
0.009999688642548959852
0.009999999999959969729
0.009999690406255262384
0.009999999999998893455
 0.01000000000000000021
 0.01000000000000000021
 0.01000000000000000021
0.009999601649222695024
 0.01000000000000000021
0.009999999999813316207
 0.01000000000000000021
0.009999990984018309811
 0.01000000000000000021
 0.01000000000000000194
0.009999963310054366464
0.009618763091217952255
0.009424562687199544708
0.009998237277427327735
  0.0099998726087214794
0.009982694205945320115
 0.00802917880980526591
0.009999999999999243869
0.009999996427277531644
 0.01000000000000000194
0.009893176764720179595
 0.01000000000000000021
 0.01000000000000000021
0.009999999999948267285
 0.01000000000000000021
 0.01000000000000000021
0.009999999999999880512
0.009999999911960094981
0.009999705169666583959
0.009921909534518748297
0.005790804098199760913
 0.01000000000000000021
0.009999999999998808453
0.009999966958685983787
0.009999999999800052511
 0.01000000000000000021
 0.00999902950017197284
 0.01000000000000000021
0.009955620782649795761
0.009999999999998327935
 0.01000000000000000194
0.007395770747079031746
0.009995288484421480102
0.009999999999805903733
0.009999999992005804625
0.007487992834224539013
0.009381204621685231698
0.009999999999999998473
0.009988454973527630815
 0.01000000000000000021
 0.00999106157562612042
0.009999998031070711502
  0.0099998717994666253
0.009999994523555029088
0.009999970206425705041
0.009999182944050390501
0.009964946640879499343
 0.01000000000000000021
 0.00999997322178195272
0.009999999999999996739
 0.00999999999999779364
 0.00999736104188013279
 0.01000000000000000021
 0.01000000000000000194
0.009853668661152501992
0.009999999998231893714
0.009996809794461306367
 0.01000000000000000021
 0.01000000000000000021
 0.01000000000000000021
0.009700147772933830764
 0.01000000000000000021
 0.01000000000000000021
0.009999999982978418148
0.005986694102053049041
 0.01000000000000000194
0.009999999999999849287
 0.01000000000000000021
0.009999999990379732084
 0.01000000000000000021
0.009999091041260340512
 0.01000000000000000021
 0.01000000000000000021
 0.01000000000000000021
0.009999999954519663697
 0.01000000000000000021
0.009971536087138252805
0.009999999999999533568
 0.01000000000000000021
 0.01000000000000000021
0.009864577356615266204
 0.00872172921391646018
 0.00999999803747863604
0.009526024276090162141
0.009996362134852731368
0.009994473400963795398
 0.01000000000000000021
0.009999999999999998473
0.009984642512075125528
 0.01000000000000000021
0.009999999999997493533
 0.01000000000000000021
0.009999999995732922198
0.009992409497137113433
0.009999988157304569997
0.009999999600246363765
 0.01000000000000000021
0.009413319831593405101
 0.01000000000000000021
0.009999999984738596956
0.009976470531773411199
0.009604061793752010842
0.009999996706792527862
0.009999999999999998473
0.009605155699704038402
0.009999999999997835273
0.009998929034471944546
 0.01000000000000000021
0.009998034435183735663
 0.01000000000000000021
0.009999581559906912942
0.009999952428191427947
 0.00999999999995196398
0.009999935171887604571
0.009280610057638822435
 0.01000000000000000021
0.009999905641420602301
0.009999987791899004816
 0.01000000000000000021
0.009662334196656050672
0.009985155893667137586
 0.01000000000000000021
0.009889438999019171603
 0.01000000000000000021
0.009999316667457092481
 0.01000000000000000194
0.009999999999999946432
  0.0099860517046398041
0.009998945429240711086
0.009994391832940758072
0.009980333518581565797
0.009999999993765537609
0.009432264783812966888
0.009999999999953422883
0.009999914028913656563
 0.00999999771980330035
0.009888962092729030456
0.009999999999999840614
0.009995348557601905007
 0.01000000000000000021
0.007695302354193225315
 0.01000000000000000021
 0.01000000000000000021
0.009999999999945637444
  0.0099500030071821427
0.009999999999995141248
0.009997642446843896247
0.009998778670195662688
0.009494939200332671442
0.009999999863361740474
0.009994333148089579871
0.009999999999999998473
 0.01000000000000000021
0.009999999521537190905
 0.01000000000000000021
0.009999933319917440541
0.009701817014697683775
0.009999999999931041481
 0.01000000000000000021
0.009981505340179915378
 0.01000000000000000021
 0.01000000000000000194
 0.01000000000000000021
 0.01000000000000000021
0.009999132479523928363
 0.00929315935005004673
0.009998822787057074987
0.009574685260785475993
0.009564336799276592499
0.008028198660315439758
0.009999252785377417754
0.009999966379159725208
0.009999999999999998473
0.006556869604011311345
 0.01000000000000000021
 0.01000000000000000021
0.009999988837803158032
 0.01000000000000000021
0.009999999909243788634
0.009975478346440681127
0.009987577945886094363
0.009988266196264698055
0.009390644912402048086
0.009999999999999996739
0.009999999486161075674
0.008887883532018010443
0.009999999999477378332
0.009999999999999998473
0.009995722686686827479
 0.01000000000000000194
0.009999247382651444555
0.009999999999998657532
 0.00999952679312462317
 0.01000000000000000021
 0.00999999587636337707
0.007311477811082461864
 0.01000000000000000021
 0.01000000000000000021
0.009279293180730256371
0.009999999991790319009
 0.01000000000000000194
0.009742141194242128627
 0.01000000000000000021
0.009999998953557982101
0.009999999999023569466
0.009999998712292106767
0.009974279621165035165
0.009214238900244817523
0.008813511622261672313
 0.01000000000000000021
0.009971506562501456644
0.009999999999999942962
 0.01000000000000000021
0.009999999999983055429
0.009997445444704105774
 0.01000000000000000021
 0.01000000000000000021
 0.01000000000000000021
 0.01000000000000000021
0.009999999999999998473
0.009745487660405026398
0.009903563763769541312
0.009999999973326862551
0.009999964176294175514
 0.01000000000000000021
 0.01000000000000000021
0.009999999999996534231
0.009999977530529993372
 0.01000000000000000021
0.009388848971997926576
0.009999999649596042622
0.007094635058608756914
0.009998049096231259245
 0.01000000000000000021
0.009999999999999838879
0.009981790433637076701
0.009751516369489957731
0.009999999995036467151
 0.01000000000000000021
 0.01000000000000000021
0.009999846712032574997
0.009993809543647745944
 0.01000000000000000021
 0.01000000000000000021
 0.01000000000000000021
0.009998975499307342224
0.009999999580148891468
0.009996920890462498294
 0.01000000000000000021
0.009659388896404320218
0.009803719469997808703
 0.01000000000000000194
0.009999999999112541699
0.008652404605025070666
0.009976869270537720019
0.009999999999986462426
 0.01000000000000000021
0.009999999985977971878
0.009910579315740858028
0.009938637836275144785
 0.01000000000000000021
 0.01000000000000000021
0.009999991829566909698
0.009999999999929435127
0.009999999999893099609
0.009981899396452201603
 0.01000000000000000021
0.009999999999999998473
0.009457395999668402262
 0.01000000000000000021
0.009999999999999998473
0.009999959259817293653
0.008806154767680554607
 0.01000000000000000194
0.006901143544334678234
0.006853153821887094689
 0.01000000000000000021
0.009682860736982630903
 0.01000000000000000021
 0.01000000000000000021
0.009891200371954051926
0.009381872205789556704
0.009993730581659733547
 0.01000000000000000021
 0.01000000000000000021
 0.01000000000000000021
 0.01000000000000000021
0.009999999999636997178
0.009999566670280133143
0.009999999822089369536
0.009999999895998560803
 0.01000000000000000021
0.009914028098976316802
0.009998909196710053029
0.009999997826677707244
0.009957300299288500758
 0.01000000000000000021
0.009999990421883930836
0.009999999377899859709
0.009999952371339387511
 0.00999999999999662964
 0.01000000000000000021
0.009999999536832818517
0.009928132657082549065
0.009080128424384830907
 0.01000000000000000021
0.009196586113594938661
 0.01000000000000000021
 0.01000000000000000021
 0.01000000000000000021
0.009950814808942323383
0.009999503954778802758
 0.01000000000000000021
0.009999999994431593361
0.009999983327687143528
0.009999999905104871994
 0.00999995055053523596
0.009999991307116967015
0.009452088242315285008
0.009999999999999991535
 0.01000000000000000021
0.009906934163931038068
0.009999999742438116929
0.009999999999766261832
 0.01000000000000000021
0.009999999999991232916
0.009932606062546676245
0.009460140812539683669
 0.01000000000000000021
0.005922678991254605972
 0.01000000000000000021
0.009934646001451752015
0.009999608538842462077
0.009999999999999929085
0.005508278253016054421
 0.00977570093945339183
0.009970205499898221121
0.009998227932580995223
 0.00999999969503258257
0.007775652620687001013
0.009999999996455018192
0.009999999998178299432
0.009999999976883264252
 0.01000000000000000021
0.009999999627252342815
0.009999999999999981126
 0.01000000000000000194
0.008804018612104455924
 0.00747853096032880145
0.009999999999919396282
0.009999999999996241062
0.009999999985951657858
0.009999999999402505932
0.007177437919371623155
0.009999559132372317846
0.009999858842536315379
 0.01000000000000000021
 0.00989859376052954279
0.009445120606707603853
0.008719189282807082025
 0.01000000000000000021
0.006885258797733047158
 0.00999533295591991007
 0.01000000000000000021
0.009359916939593522153
0.009999999999700127234
0.009999999999999785102
 0.00999999999999992388
0.009999072021230848151
0.009998548144583922423
 0.00999997131386052597
 0.00999986450915274494
 0.00999695043066289174
0.009409649678728655708
0.009999999604382301885
 0.01000000000000000021
0.009994579395127628496
  0.0099999999979645815
0.009985449414441696647
 0.01000000000000000021
0.009999999999999998473
0.009800451105826694584
 0.01000000000000000021
0.009999999999998775493
0.009999830565777498986
 0.00926308733203869486
 0.01000000000000000021
0.009985742905552319471
0.009999999936723432195
 0.01000000000000000021
 0.01000000000000000021
 0.01000000000000000194
 0.01000000000000000021
 0.01000000000000000194
0.009999644581790227346
0.009999999999999386116
 0.01000000000000000021
 0.01000000000000000021
0.009999994221571469402
 0.01000000000000000021
0.009726507291949624753
0.009958214948386343371
 0.01000000000000000021
0.009260343789863878169
 0.01000000000000000021
0.009999999999999998473
 0.01000000000000000021
 0.01000000000000000021
0.009999240812192208838
0.009999994846731289147
0.009798522229398181488
0.009999999999999543976
 0.01000000000000000021
 0.00996875103722122749
0.009999091735898078467
0.009999999982020189859
 0.01000000000000000021
 0.01000000000000000021
0.009997702710148605523
 0.01000000000000000021
 0.01000000000000000021
0.009948944124961197136
 0.01000000000000000021
0.009682403534044342619
0.009999961078562907835
 0.01000000000000000194
0.009982845958254424334
0.009856831362676145986
0.008185335132909875994
0.009763142100620585476
0.009836038717555260075
0.009979587236796698402
0.009999999999999878778
0.009590688047646286213
 0.01000000000000000021
0.009999999909050531766
 0.01000000000000000021
 0.01000000000000000021
 0.01000000000000000021
 0.01000000000000000021
 0.01000000000000000194
0.009999999999998754677
 0.01000000000000000021
