0.009960567528160751277
 0.01000000000000000021
0.009999999990618152479
 0.01000000000000000021
 0.01000000000000000021
0.009997297194902473108
 0.01000000000000000021
0.008911420364904380775
0.009994727683867457579
0.009916003347511149688
 0.01000000000000000021
 0.01000000000000000021
 0.01000000000000000021
 0.01000000000000000021
0.009998795361250119654
 0.01000000000000000021
0.009999999999999998473
0.009999974311707059485
0.009999094587852397006
0.009999999999999998473
 0.01000000000000000021
 0.01000000000000000021
0.009999593644845062093
 0.01000000000000000021
 0.01000000000000000194
 0.01000000000000000021
0.009605877058390057191
0.007843994539637784078
 0.01000000000000000021
 0.01000000000000000021
 0.00992985449817467003
0.009922225503962305709
0.009999991895748959123
0.009999999999999998473
 0.01000000000000000021
 0.01000000000000000021
 0.00920925016267897488
0.008524273370636676478
0.009999999999999942962
 0.01000000000000000021
0.009988147805609944377
0.009339907778286783702
 0.00991288988909257672
0.009999999999999667141
0.009999999995990039442
0.009998920565730699817
0.009999999999857589819
0.009998780069832719983
0.009999999999996102285
 0.01000000000000000021
 0.01000000000000000021
 0.01000000000000000021
0.009997941436353042013
 0.01000000000000000194
0.009999999999333361589
 0.01000000000000000021
0.009999963540135730147
0.009999999999999998473
 0.01000000000000000021
0.009999840484503396895
0.009371077725092734345
 0.00752105014291721153
0.009992491971529597269
0.009999514279055590413
0.009826758056918981354
0.009885954224296226306
0.009999999999997278427
0.009999986646674912175
0.009999999999999998473
0.008745084599057907637
0.009999999999999998473
 0.01000000000000000194
0.009999999999815916557
0.009999999999999998473
 0.01000000000000000368
0.009999999999999576936
0.009999999701535556076
 0.00999888613613784949
0.009851476602243038061
0.009178620209742320915
 0.01000000000000000021
0.009999999999995706768
0.009999889132558907948
0.009999999999293207945
 0.01000000000000000194
0.009996996810653279927
 0.01000000000000000021
0.009925253071636492078
0.009999999999994152455
 0.01000000000000000021
0.008202192199385435756
0.009973999333360379985
0.009999999999321943639
0.009999999970932605883
0.009050029831808720227
0.009178391875861060048
0.009999999999999991535
0.009979898363978565237
 0.01000000000000000021
0.009986037367867541675
0.009999993155918806068
 0.00999962696373573115
0.009999978665903418856
0.009999849515812436057
0.009996901369376870114
0.009902632948814557926
 0.01000000000000000194
0.009999922255551794634
 0.00999999999999998633
0.009999999999992131502
0.009995023615724789312
 0.01000000000000000021
 0.01000000000000000194
0.008103090880365801385
0.009999999993604288123
0.009979182502768593754
0.009999999999999998473
0.009999999999999998473
 0.01000000000000000194
 0.00914067679303996565
 0.01000000000000000194
0.009999999999999998473
0.009999999939310800015
0.009384337164967412534
0.009999999999999998473
0.009999999999999465913
 0.01000000000000000021
0.009999999967145879742
 0.01000000000000000021
0.009997548164305819149
 0.01000000000000000021
 0.01000000000000000021
 0.01000000000000000021
0.009999999823503932447
 0.01000000000000000021
0.009851121737870576281
0.009999999999998347017
 0.01000000000000000194
 0.01000000000000000021
0.008578235897052170419
0.008614342387749367863
0.009999992782622070531
0.009383498767987510925
0.009982055515594785711
0.009989784672255030973
0.009999999999999998473
0.009999999999999998473
0.009975980630167245386
0.009999999999999998473
0.009999999999991206895
 0.01000000000000000021
0.009999999985217153387
0.009988000453719475535
0.009999955645517779462
0.009999998605687062531
 0.01000000000000000021
 0.00986732264877448334
 0.01000000000000000021
0.009999999948310247036
0.009968808249748543904
0.008644504293028277761
0.009999988772197656098
 0.01000000000000000021
0.008880237046079684365
0.009999999999992442018
0.009995057448677456199
0.009999999999999993269
0.009996009223230791635
 0.01000000000000000021
0.009998598333995568216
0.009999810406969133342
0.009999999999828519323
0.009999633976170317282
0.008761339849759615037
 0.01000000000000000021
 0.00999969591811979662
0.009999958110426792474
 0.01000000000000000021
 0.00777716841122522845
 0.00990739485867219577
 0.01000000000000000021
0.009267145172185110857
 0.01000000000000000194
0.009998445212982641842
 0.01000000000000000194
0.009999999999999805919
0.009936549886185013641
0.009998404962140383656
0.009958781317144591722
0.009912367087133453283
0.009999999978076080931
0.008373869804641057707
0.009999999999834125949
0.009999758025894898289
 0.00999999217314527164
0.008677569817584347006
0.009999999999999431219
0.009989656348856734702
0.009999999999999998473
0.008118253852412438132
 0.01000000000000000021
 0.01000000000000000021
  0.0099999999998135157
  0.0098912949419094464
0.009999999999982947876
0.009989697857264787442
0.009996391793690335981
0.009471449494556269041
0.009999999537071726369
0.009990476563570434981
 0.01000000000000000021
 0.01000000000000000021
 0.00999999818080073502
 0.01000000000000000021
0.009999719372910631857
0.009407215194084970339
0.009999999999754826535
 0.01000000000000000021
0.009965245530956356318
 0.01000000000000000194
0.009999999999999998473
 0.01000000000000000021
0.009999999999999998473
0.009996501126871910198
0.009318234904302859917
 0.00999540980497480927
0.009569375936587796658
0.008614239727155888551
0.009846277912726901504
0.009998581899529060055
0.009999882615234217606
 0.01000000000000000021
0.009625121366703051975
0.009999999999999998473
0.009999999999999998473
0.009999954526636713539
 0.01000000000000000021
0.009999999664384230658
0.009951462270396980309
0.009987994495681048329
0.009987952603259863532
0.009595811717361830626
  0.0099999999999999898
0.009999998180575366685
0.009673671576325730201
0.009999999998148245348
 0.01000000000000000021
0.009988607957155604816
 0.01000000000000000021
0.009998340381598531945
0.009999999999995266148
0.009998769923386658168
 0.01000000000000000021
 0.00999998547550994682
0.009662852218093997275
 0.01000000000000000194
 0.01000000000000000021
0.008768024825319565424
0.009999999969864593885
 0.01000000000000000021
 0.00959538101067906532
 0.01000000000000000021
 0.00999999593520610984
0.009999999996520509207
0.009999995301623119948
0.009683125034723684757
0.004355640937467574955
0.009643081913358277427
 0.01000000000000000021
0.009920049995922709113
0.009999999999999795511
 0.01000000000000000021
0.009999999999938891104
0.009990966472913030347
 0.01000000000000000021
0.009999999999999998473
 0.01000000000000000021
 0.01000000000000000021
0.009999999999999996739
0.009518149743419858713
0.009631284176788882517
0.009999999908635259782
 0.00999986542689923312
 0.01000000000000000021
 0.01000000000000000021
0.009999999999987550098
0.009999924541461452376
 0.01000000000000000021
0.008009675650824461118
0.009999998566288593668
0.009683808239992625078
 0.00999486967842974118
 0.01000000000000000021
0.009999999999999436423
0.009967081597744136337
0.009492990057036104767
 0.00999999998050847376
0.009999999999999998473
 0.01000000000000000194
0.009999394570789427866
0.009969977142725615707
0.009999999999999998473
 0.01000000000000000021
 0.01000000000000000021
0.009996179988543241191
0.009999998467430111504
0.009992366963224690035
 0.01000000000000000021
0.009784237938766688833
0.009407956701554075554
 0.01000000000000000194
0.009999999996893126075
0.009840005011793847775
0.009952780205657917392
0.009999999999952774096
 0.01000000000000000194
0.009999999947245491114
0.009114388367434944627
0.009254894361546891005
 0.01000000000000000021
 0.01000000000000000021
0.009999971773456680507
0.009999999999746314247
0.009999999999624503699
0.009911846079788856276
 0.01000000000000000021
0.009999999999999995004
0.009233088678912445765
 0.01000000000000000194
0.009999999999999998473
0.009999872202829001785
0.003975322601661058532
 0.01000000000000000021
 0.00869367674051518477
0.009160496341094580275
 0.01000000000000000021
0.009291843864046958265
0.009999999999999998473
 0.01000000000000000021
0.009659557207129668491
0.008072507695898394064
0.009986773759461532729
0.009999999999999996739
 0.01000000000000000021
 0.01000000000000000194
 0.01000000000000000194
0.009999999998694478545
0.009998170096120089986
0.009999999379200669863
0.009999999603634525044
 0.01000000000000000021
0.009047530452257791789
0.009998312465569250337
0.009999992192462002147
0.009881061155536751892
 0.01000000000000000021
0.009999967772665489113
0.009999997698160945775
0.009999776793876445635
0.009999999999988233579
 0.01000000000000000021
0.009999998299213674197
0.009762375517698698366
0.008558266851612227055
 0.01000000000000000021
0.005541341203823186602
 0.01000000000000000021
 0.01000000000000000021
0.009999999999999998473
0.009558523933245362258
0.009996899440016734917
 0.01000000000000000021
0.009999999980452558418
0.009999953100911384077
0.009999999676587399688
0.009999781542845637486
0.009999969303551049793
 0.00846574487115765717
0.009999999999999975922
 0.01000000000000000021
0.009733740646874100566
0.009999999051309185066
0.009999999999179502025
 0.01000000000000000021
 0.00999999999996918805
0.009718937314421999263
0.009650118877728573047
 0.01000000000000000021
0.009600300574074994986
 0.01000000000000000021
0.009898941303989026302
0.009998755849181958921
0.009999999999999752143
0.009316875488743011843
0.009640678544504552305
0.009820281210325900942
0.009995945096567718235
0.009999998899928029192
0.008897401197257674699
0.009999999987911730587
0.009999999993627592398
0.009999999917804017549
 0.01000000000000000021
0.009999998713395661515
0.009999999999999937758
 0.01000000000000000021
0.009689964611753233703
0.008977865539760593663
0.009999999999717174362
0.009999999999986481508
0.009999999949743562308
0.009999999997855838624
0.009553387108139591022
0.009998442005678575412
0.009999465572830970941
 0.01000000000000000021
0.009906484581216755403
0.008006453953879886717
0.005464816903998769015
 0.01000000000000000021
0.009907934885828200908
0.009975582670982849343
 0.01000000000000000021
0.008884496467683850388
0.009999999998952688665
0.009999999999999224787
0.009999999999999733061
0.009995290416896481303
0.009995422863675933189
   0.009999887361094301
0.009999432680469622428
0.009989699736565001154
0.007955384810395755082
0.009999998660216337723
 0.01000000000000000021
0.009984311916641657597
 0.00999999999266845338
0.009952586771442218511
 0.01000000000000000194
0.009999999999999998473
0.008477766122370441332
 0.01000000000000000021
0.009999999999995599215
0.009999484636890942219
0.009612948044189131153
 0.01000000000000000194
0.009909439128258281521
0.009999999784532706895
 0.01000000000000000021
 0.01000000000000000021
 0.01000000000000000194
0.009999999999999998473
 0.01000000000000000021
0.009998862782131863469
0.009999999999997812722
0.009999999999999998473
 0.01000000000000000021
 0.00999998038089933497
 0.01000000000000000021
0.009518017935714795721
0.009805868269058978792
 0.01000000000000000021
0.004743591878212003246
 0.01000000000000000194
 0.01000000000000000021
 0.01000000000000000021
 0.01000000000000000021
0.009998528927638668587
0.009999980348876358685
0.009709621916079387571
0.009999999999998371303
 0.01000000000000000021
0.009779847147160949591
 0.00999746393205317406
0.009999999935878326959
 0.01000000000000000021
 0.01000000000000000194
0.009988455820205330987
 0.01000000000000000194
 0.01000000000000000021
0.009787534287525637491
0.009999999999999998473
0.009644017256574405339
0.009999844585480539838
 0.01000000000000000021
0.009947261579667892456
0.009274402060612771045
0.009300903763127860505
0.009808188484325247244
0.009456203815647516372
0.009960137857711850312
0.009999999999999573466
0.009606329154497883493
0.009999999999999998473
0.009999999669040292652
 0.01000000000000000021
 0.01000000000000000021
 0.01000000000000000194
 0.01000000000000000021
 0.01000000000000000021
0.009999999999995418803
0.009999999999999998473
