0.009970425404541747097
 0.01000000000000000021
0.009999999995367794131
 0.01000000000000000021
 0.01000000000000000021
0.009999238640331383973
 0.01000000000000000021
0.009589046672636025379
0.009997207576892293626
0.009751377025609976254
 0.01000000000000000021
 0.01000000000000000021
 0.01000000000000000021
 0.01000000000000000021
0.009999566410812796638
 0.01000000000000000021
 0.01000000000000000021
0.009999988086152966291
 0.00999945979398943717
 0.01000000000000000021
0.009999999999999998473
 0.01000000000000000021
0.009999801537500453003
 0.01000000000000000021
 0.01000000000000000021
 0.01000000000000000021
0.009937648898050037427
0.007478419807164168875
 0.01000000000000000021
 0.01000000000000000194
0.009955348681720757251
  0.0099558472472674759
0.009999996207827229963
0.009999999999999998473
 0.01000000000000000021
 0.01000000000000000194
0.009722838643915404644
 0.00862900726094262098
0.009999999999999972453
 0.01000000000000000021
0.009995145394570801797
 0.00963446425810859583
0.009965284847083843642
0.009999999999999837144
0.009999999998020045813
 0.00999947339724082708
0.009999999999931412711
0.009999462172944850041
0.009999999999998100686
 0.01000000000000000021
 0.01000000000000000021
 0.01000000000000000021
0.009999333205571173805
 0.01000000000000000194
0.009999999999680200466
 0.01000000000000000021
0.009999984476366241548
 0.01000000000000000021
0.009999999999999998473
 0.00999993661217464351
0.009086043085480787623
0.007869219889844644364
0.009996963847080911694
0.009999784598997335516
0.009962751735488453719
0.009552030174197078186
  0.0099999999999987009
0.009999993875730615184
 0.01000000000000000021
0.009769383584533584269
 0.01000000000000000021
 0.01000000000000000021
0.009999999999911395737
 0.01000000000000000021
 0.01000000000000000021
0.009999999999999795511
0.009999999849476068348
0.009999490987590956698
0.009822914497855451607
0.009475192490366537643
 0.01000000000000000021
0.009999999999997958439
0.009999943726347066547
 0.00999999999965756059
 0.01000000000000000021
0.009998382951816096528
 0.01000000000000000021
0.009905676171770362234
 0.00999999999999713618
 0.01000000000000000194
0.008871310397326559113
0.009990753173123039996
0.009999999999667835357
0.009999999986295072391
0.009537608585725915189
 0.00812306432803164627
0.009999999999999996739
0.009977425952656864688
 0.01000000000000000021
 0.00998225592477289432
0.009999996629794921654
0.009999784489773370574
0.009999990578528577742
0.009999948748103230228
0.009998622234536050715
0.009974605696717143283
 0.01000000000000000021
0.009999954926256167387
0.009999999999999995004
 0.00999999999999622198
  0.0099953728140847551
 0.01000000000000000021
 0.01000000000000000194
 0.00977823222687364095
0.009999999996969011554
0.009995398219978704479
 0.01000000000000000021
0.009999999999999998473
 0.01000000000000000194
0.008429640261623488895
 0.01000000000000000021
0.009999999999999998473
0.009999999970830104543
0.009048819113323286131
0.009999999999999998473
0.009999999999999741734
 0.01000000000000000021
 0.00999999998357945126
 0.01000000000000000021
 0.00999871461679284132
 0.01000000000000000021
 0.01000000000000000021
 0.01000000000000000194
0.009999999921901319908
 0.01000000000000000021
0.009884758159592695395
0.009999999999999200501
 0.01000000000000000021
 0.01000000000000000021
 0.00960609021406927735
0.009035055214157381234
0.009999996641060656527
0.008344521606352508711
0.009993437734073991677
0.009989772285771700636
0.009999999999999998473
0.009999999999999998473
0.009965913763507716974
 0.01000000000000000021
0.009999999999995711972
 0.01000000000000000021
0.009999999992703583265
0.009980146418013256457
0.009999979607907537663
0.009999999317000173374
 0.01000000000000000021
0.009826743013884772435
 0.01000000000000000021
0.009999999973950929322
0.009951751578563034287
 0.00711552705937155798
  0.0099999943683215433
 0.01000000000000000021
0.007809753314904312703
0.009999999999996293104
0.009998142558968612509
0.009999999999999996739
0.009996760916078952647
0.009999999999999998473
0.009999296803878310672
0.009999918149015275814
0.009999999999917729213
0.009999891092552571845
0.008444078400280134386
 0.01000000000000000021
0.009999840619563717461
0.009999979236712131653
 0.01000000000000000021
0.009496462153591128316
0.009981345521853677433
 0.01000000000000000021
0.009493455215185304941
 0.01000000000000000021
 0.00999892854246449414
 0.01000000000000000194
0.009999999999999904798
 0.00997132718825337154
0.009998245876134660703
0.009993462467612889213
0.009980124901790159847
0.009999999989332349418
0.005776371749946955861
 0.00999999999992019252
0.009999854139546727333
0.009999996111714508015
0.009675678867208645229
0.009999999999999726122
0.009995098945261416887
 0.01000000000000000021
0.008059687210059720761
 0.01000000000000000021
 0.01000000000000000021
0.009999999999907050255
0.009892077485238426685
0.009999999999991680474
0.009996587592605042649
0.009997958362251604947
0.006631297300015603045
0.009999999766556659161
0.009988279543186422138
0.009999999999999998473
 0.01000000000000000021
0.009999999178309222289
 0.01000000000000000021
0.009999885608857657024
0.009061796664641678933
0.009999999999881877683
 0.01000000000000000021
0.009972573625568675187
 0.01000000000000000021
 0.01000000000000000021
 0.01000000000000000021
 0.01000000000000000021
0.009998508099761166043
 0.00291388941155628408
0.009997947873413733783
0.009569039695133625678
0.008796578278176925281
0.008913900502795750122
0.009998749461522042289
0.009999942677035744687
0.009999999999999998473
0.009527063254323611327
0.009999999999999998473
 0.01000000000000000021
0.009999980828260798815
 0.01000000000000000021
0.009999999844298406229
0.009968804849996865808
0.009984203620072209379
0.009984587786318164723
0.009811270587076627303
0.009999999999999995004
0.009999999119681147672
0.009528232745511018564
0.009999999999104754525
0.009999999999999998473
0.009992675913621689929
 0.01000000000000000194
0.009998887004881339829
0.009999999999997699965
0.009999219131958199738
0.009999999999999998473
0.009999992926239553021
0.009123774730566892865
 0.01000000000000000021
 0.01000000000000000021
0.008794187396280194607
0.009999999985924394943
 0.01000000000000000194
0.009878298576756433177
 0.01000000000000000021
0.009999998200881611218
0.009999999998326803904
0.009999997795310324594
0.009970319146453826553
0.009011865737542965049
0.009729026177586178395
 0.01000000000000000021
0.009981617950823898702
0.009999999999999901329
 0.01000000000000000021
0.009999999999970960937
0.009995456248068274041
 0.01000000000000000021
0.009999999999999998473
 0.01000000000000000021
 0.01000000000000000021
0.009999999999999998473
0.009237454775863322351
0.009543327934624446299
0.009999999954405211847
0.009999938324391260264
 0.01000000000000000021
 0.01000000000000000021
0.009999999999994060515
0.009999961894152651146
 0.01000000000000000021
0.009390507763729167776
0.009999999398529401187
0.009557600957283935578
0.009997050056280768621
 0.01000000000000000021
0.009999999999999724387
0.009957458833992216193
0.009487798753875021848
0.009999999991473735445
 0.01000000000000000021
 0.01000000000000000021
0.009999736589798326886
0.009987386090549922602
 0.01000000000000000021
 0.01000000000000000021
 0.01000000000000000021
0.009998203280066541784
0.009999999280488298253
0.009995779227571928091
 0.01000000000000000021
 0.00971304716044760208
0.009152942946176797351
 0.01000000000000000021
0.009999999998480927146
0.009073675347760002882
0.009947158390627272931
0.009999999999976829507
 0.01000000000000000194
 0.00999999997594118277
0.009685840977956864176
0.009836416898629515154
 0.01000000000000000021
 0.01000000000000000021
0.009999986045264759593
0.009999999999879083043
0.009999999999816992086
0.009961943979972125163
 0.01000000000000000021
0.009999999999999996739
0.009743393585571942864
 0.01000000000000000021
 0.01000000000000000021
0.009999930857470870973
0.005866265426718087796
 0.01000000000000000194
0.008989361829085936589
0.009709249722958694304
0.009999999999999998473
0.009691892601782861952
 0.01000000000000000021
0.009999999999999998473
0.009718457052286603656
0.009350197973809440399
0.009989557429613665426
 0.01000000000000000021
 0.01000000000000000021
 0.01000000000000000021
 0.01000000000000000021
0.009999999999377813878
0.009999249952410549716
0.009999999694879163625
0.009999999821494286525
 0.01000000000000000021
0.009926651328817318737
0.009998196722752934751
0.009999996269323175452
0.009890568201915892615
 0.01000000000000000021
0.009999983713313001163
0.009999998932702003698
0.009999918167007806891
0.009999999999994232253
 0.01000000000000000021
0.009999999207193058584
0.009714819196516673999
0.009253610803177231975
 0.01000000000000000021
0.008766284955383963837
 0.01000000000000000021
 0.01000000000000000021
 0.01000000000000000021
0.009876785179977240481
0.009999207849110607754
 0.01000000000000000021
 0.00999999999047081374
0.009999971839493216122
0.009999999837804907782
0.009999915119860315962
0.009999985089379895276
0.009841584650365328008
0.009999999999999988065
 0.01000000000000000021
0.009717988414951429441
0.009999999557989672563
0.009999999999599978179
 0.01000000000000000021
 0.00999999999998499485
0.009707456699416302376
0.007996497554007589784
 0.01000000000000000021
0.009612643046180003106
 0.01000000000000000021
0.009826778502714808572
0.009999359593259649071
0.009999999999999880512
0.009711815645359790292
0.009678364370073454584
0.009942952966206376753
 0.00999693685451851638
0.009999999476217113353
0.009629927849647513735
0.009999999993940727333
0.009999999996883630199
0.009999999960443553548
 0.01000000000000000021
0.009999999363203219971
0.009999999999999968983
 0.01000000000000000194
0.009709532613347374511
0.008404359328043353033
0.009999999999862056732
 0.00999999999999355918
0.009999999975956573237
0.009999999998976270496
0.008124592384078060947
0.009999252358651707431
0.009999759999335834995
 0.01000000000000000021
 0.00979456290294903123
0.008253257196749037156
0.006007373708192265994
 0.01000000000000000021
0.009702879960477441695
0.009994337389506892724
 0.01000000000000000021
0.008607238349993712526
0.009999999999486749308
0.009999999999999630712
0.009999999999999870104
0.009998386258430169357
0.009997407181963862202
0.009999950668193669304
0.009999767595305958726
0.009994934982946204055
0.009733228425936640144
0.009999999323652067687
 0.01000000000000000021
0.009995187623287909995
0.009999999996511015066
0.009973371518193739627
 0.01000000000000000021
0.009999999999999998473
0.009671214673365843145
 0.01000000000000000021
0.009999999999997899458
0.009999713155997238048
0.009803740338708618468
 0.01000000000000000194
0.009971573493257815737
0.009999999891852080769
 0.01000000000000000021
 0.01000000000000000021
 0.01000000000000000194
0.009999999999999998473
 0.01000000000000000194
0.009999407572335855879
0.009999999999998948966
 0.01000000000000000021
 0.01000000000000000021
0.009999990131100351329
 0.01000000000000000021
 0.00958010004665844038
0.009913921343195181493
 0.01000000000000000021
0.008582885739828606531
 0.01000000000000000021
0.009999999999999998473
 0.01000000000000000021
 0.01000000000000000021
0.009998848717426423241
0.009999991149241277064
0.009594789852693434359
0.009999999999999219583
 0.01000000000000000021
0.009889270778500856146
 0.00999852912228217823
0.009999999969187663151
 0.01000000000000000021
 0.01000000000000000194
0.009995985938444024513
 0.01000000000000000021
 0.01000000000000000194
0.009855342320684048335
 0.01000000000000000021
0.009242494946112763191
0.009999933020481974535
 0.01000000000000000021
0.009967985959718763181
0.009850519355222620704
0.007526681690724878679
0.009821810563767647412
0.009174605678812874573
0.009959719622281343332
0.009999999999999795511
0.009617014426752808556
 0.01000000000000000021
0.009999999844074009339
 0.01000000000000000021
 0.01000000000000000021
 0.01000000000000000021
 0.01000000000000000021
 0.01000000000000000194
0.009999999999997863029
0.009999999999999998473
