0.009977197180104585908
 0.01000000000000000021
  0.0099999999959930648
 0.01000000000000000021
 0.01000000000000000021
0.009999335578009126493
 0.01000000000000000194
0.009550967049004651516
0.009997607645794015854
0.009825066273108976761
 0.01000000000000000021
 0.01000000000000000021
 0.01000000000000000021
 0.01000000000000000021
0.009999622849391260129
 0.01000000000000000021
 0.01000000000000000021
0.009999989717813314791
0.009999520798742486671
 0.01000000000000000021
 0.01000000000000000021
 0.01000000000000000021
0.009999826047927979147
 0.01000000000000000021
 0.01000000000000000021
 0.01000000000000000021
0.009932397206991053565
0.007652574095806274034
 0.01000000000000000021
 0.01000000000000000194
0.009957252831835457924
0.009961578766143086919
0.009999996723882761604
0.009999999999999998473
 0.01000000000000000194
 0.01000000000000000194
0.009706849576858286865
0.008979953069979073471
0.009999999999999975922
 0.01000000000000000021
 0.00999586059801898727
0.009749183839589998027
0.009972313308540987908
0.009999999999999859696
0.009999999998287304251
0.009999543204559856527
0.009999999999940716033
0.009999537934366755157
0.009999999999998357425
 0.01000000000000000021
 0.01000000000000000021
 0.01000000000000000021
0.009999415934210494766
 0.01000000000000000194
0.009999999999723565083
 0.01000000000000000194
0.009999986609895082992
 0.01000000000000000021
0.009999999999999998473
0.009999945403286318937
0.009635837623367823901
0.008131229349051650665
0.009997382447864411326
0.009999812996628835299
0.009970079397415593236
0.009690719729123813825
0.009999999999998877842
0.009999994707795237248
 0.01000000000000000021
0.009803786014211834932
 0.01000000000000000021
 0.01000000000000000021
0.009999999999923405228
 0.01000000000000000021
 0.01000000000000000021
0.009999999999999823266
0.009999999869787227352
0.009999561553518545795
0.009846389758772999823
0.008323544737427312351
 0.01000000000000000021
 0.00999999999999823426
0.009999951243491077973
0.009999999999703966178
 0.01000000000000000021
0.009998588171105207353
 0.01000000000000000021
0.009917458568744872902
0.009999999999997524758
 0.01000000000000000194
0.008266542487253187438
0.009992338253881127841
 0.00999999999971276296
0.009999999988157003139
0.008647591630820171751
0.009203764719897979465
0.009999999999999996739
 0.00998089539972404384
 0.01000000000000000021
0.009984781229918533729
0.009999997085903815364
0.009999812577297395935
0.009999991870242917399
0.009999955768510652293
0.009998801477615185118
0.009969433231818231045
 0.01000000000000000021
0.009999960760212775121
0.009999999999999993269
0.009999999999996735459
0.009996022523370813942
 0.01000000000000000021
 0.01000000000000000194
0.009790549266882948853
0.009999999997380739497
0.009995905948104379102
0.009999999999999998473
0.009999999999999998473
 0.01000000000000000021
0.009128698407110098431
 0.01000000000000000021
0.009999999999999998473
0.009999999974789168522
0.008071998786663002468
0.009999999999999998473
0.009999999999999776429
 0.01000000000000000021
0.009999999985786073298
 0.01000000000000000021
0.009998821465663446789
 0.01000000000000000021
 0.01000000000000000021
 0.01000000000000000194
0.009999999932556027926
 0.01000000000000000021
0.009918419774866814309
0.009999999999999308053
 0.01000000000000000021
 0.01000000000000000021
0.009722687791188131326
0.008247897431371022797
0.009999997095593612939
0.008741995835296315423
0.009994438702749382578
0.009990951458499994567
0.009999999999999998473
0.009999999999999998473
0.009970438187993898096
 0.01000000000000000021
0.009999999999996291369
 0.01000000000000000021
0.009999999993688571398
0.009984605854951224962
0.009999982407879521099
0.009999999409027239897
 0.01000000000000000021
0.009815305973617906646
 0.01000000000000000021
0.009999999977451363639
0.009956210781408786695
0.008472238086977943936
0.009999995128852856574
0.009999999999999998473
0.008602595473485007485
0.009999999999996796174
0.009998401837522208346
0.009999999999999998473
0.009997056805406842606
0.009999999999999998473
0.009999387024184399481
0.009999929370030550754
 0.00999999999992887828
0.009999905094545723586
0.008545159314110945675
 0.01000000000000000021
0.009999861529286724338
0.009999982005337288912
 0.01000000000000000021
0.009529252371817807654
0.009983608503160358583
 0.01000000000000000021
0.009698742132178816283
 0.01000000000000000021
0.009999039871994106626
 0.01000000000000000194
0.009999999999999918676
0.009976414698255178792
0.009998452431386450553
 0.00999375630915286077
0.009979210775565313871
0.009999999990774754641
0.007261314304601539787
0.009999999999931022399
0.009999873425810972688
0.009999996633177457225
0.009766430047297049513
0.009999999999999762551
0.009995191295312689725
 0.01000000000000000021
0.007240573343162958267
 0.01000000000000000021
 0.01000000000000000021
 0.00999999999991959404
0.009913779115196528699
 0.00999999999999280631
0.009996891898140380581
0.009998219685013987404
0.008036476416159463523
0.009999999798000265561
0.009989780987646620924
0.009999999999999998473
 0.01000000000000000021
0.009999999290425415355
 0.01000000000000000021
0.009999901175322942204
0.009273698637537602929
 0.00999999999989789265
 0.01000000000000000021
0.009974996606282328024
 0.01000000000000000021
 0.01000000000000000021
 0.01000000000000000021
 0.01000000000000000021
0.009998712511968124023
0.005558138864188820125
0.009998230078238305035
0.009592585358862570563
0.009212208639236885155
0.009521939912844072998
0.009998906848535854541
0.009999950356491794923
0.009999999999999998473
 0.00912583497751346534
0.009999999999999998473
 0.01000000000000000021
0.009999983444637866939
 0.01000000000000000021
0.009999999865488896564
0.009969629671756269351
0.009984532099962643154
0.009985144366435733804
0.009738083713756217133
0.009999999999999995004
0.009999999239081487981
0.009778344665607601599
0.009999999999226136596
0.009999999999999998473
0.009993647971589737083
 0.01000000000000000194
0.009998994431098856897
0.009999999999998012215
0.009999310460497467384
0.009999999999999998473
0.009999993888435504408
0.009257598220179200088
 0.01000000000000000021
 0.01000000000000000021
0.009254117219834025188
 0.00999999998783714962
 0.01000000000000000194
0.009803843791099832797
 0.01000000000000000021
 0.00999999844704015442
0.009999999998553858391
 0.00999999809395381474
0.009971957092011296195
0.009065250833737945393
 0.00969369776654423719
 0.01000000000000000021
0.009979116306181456605
0.009999999999999915207
 0.01000000000000000021
0.009999999999974902229
0.009996117709702519519
 0.01000000000000000021
0.009999999999999998473
 0.01000000000000000021
 0.01000000000000000021
0.009999999999999996739
0.009389781401073620318
0.009693659533814086987
0.009999999960555290557
 0.00999994679246858989
 0.01000000000000000021
 0.01000000000000000021
0.009999999999994867161
0.009999966954002166217
 0.01000000000000000021
0.009314722300826226015
0.009999999480515345263
0.009688217970047725142
0.009997342643869137901
 0.01000000000000000021
0.009999999999999762551
0.009965630651231955142
0.009591457469787860804
0.009999999992637930921
 0.01000000000000000021
 0.01000000000000000021
0.009999772666392351544
0.009989646430599246826
 0.01000000000000000021
 0.01000000000000000021
 0.01000000000000000021
0.009998452167913902955
0.009999999378155112126
 0.00999617335708535143
 0.01000000000000000021
0.009804982596710093076
0.009474212667642808311
 0.01000000000000000021
0.009999999998686509226
0.009683136512061187029
 0.00995850769565952143
0.009999999999979964152
 0.01000000000000000194
0.009999999979216682433
0.009767047948566306287
0.009875957390259584509
 0.01000000000000000021
 0.01000000000000000021
0.009999987923903143339
0.009999999999895491792
0.009999999999841769141
0.009969882376019555126
 0.01000000000000000021
0.009999999999999998473
0.009818960693437036799
 0.01000000000000000021
0.009999999999999998473
 0.00999994002877035125
0.006788614601711322367
 0.01000000000000000194
0.007376674698112257837
0.009448236433063214243
 0.01000000000000000021
0.009790459371449095061
 0.01000000000000000021
0.009999999999999998473
0.009768260659832599113
0.009327824887671695014
0.009990827110436573816
 0.01000000000000000021
 0.01000000000000000021
 0.01000000000000000021
 0.01000000000000000021
0.009999999999462298381
0.009999354057907141116
0.009999999736356639593
0.009999999845818055219
 0.01000000000000000021
0.009928454014938598721
 0.00999841465858363268
0.009999996777758500544
0.009913799397706859681
 0.01000000000000000021
0.009999985883018277719
0.009999999077965374475
0.009999929342066605359
0.009999999999995012878
 0.01000000000000000021
0.009999999314500870526
0.009824771687465939582
0.008887373498782926914
 0.01000000000000000021
0.008884829591792169426
 0.01000000000000000021
 0.01000000000000000021
 0.01000000000000000021
0.009904731864504858277
0.009999303094899311684
 0.01000000000000000021
0.009999999991759720222
0.009999975520638181362
0.009999999859676356878
0.009999926687001470596
0.009999987117121434191
0.009684559193578272038
  0.0099999999999999898
 0.01000000000000000021
0.009782623236362159719
0.009999999618195885842
0.009999999999654091143
0.009999999999999998473
0.009999999999987024477
  0.0098337240784271817
0.008603858481881380971
 0.01000000000000000021
0.009263340350231115058
 0.01000000000000000021
0.009850435372796185682
0.009999436985193857486
0.009999999999999896125
0.009615664954954883728
0.009652306273987837013
0.009952455373875700173
0.009997357439984042374
 0.00999999954769373485
 0.00895828943874291822
0.009999999994757858418
0.009999999997304763813
0.009999999965793031353
 0.01000000000000000021
0.009999999448982402339
0.009999999999999974187
 0.01000000000000000194
0.009321820218760691612
0.007949133958655868817
0.009999999999880717153
0.009999999999994433481
0.009999999979209639456
0.009999999999115154192
0.006323508868694487257
0.009999351221390270772
0.009999791921624850283
 0.01000000000000000021
0.009824234863438165849
0.008637010870881334582
0.006552018899790832719
 0.01000000000000000021
0.009680112204409637919
0.009994562553917346256
 0.01000000000000000021
0.008969223841166759637
0.009999999999556193758
0.009999999999999681019
0.009999999999999887451
0.009998613391799589245
0.009997774241177643031
0.009999957422731714507
0.009999799254320826739
0.009995577672431530877
 0.00972955987826291599
0.009999999414900982361
 0.01000000000000000021
0.009994913404063584042
0.009999999996984870396
0.009977481634572391012
 0.01000000000000000021
0.009999999999999998473
0.009725195222732678502
 0.01000000000000000021
0.009999999999998185687
0.009999750981273187664
0.009809081385621986476
 0.01000000000000000194
 0.00997667333314513835
0.009999999906433916508
 0.01000000000000000021
 0.01000000000000000021
 0.01000000000000000194
0.009999999999999998473
 0.01000000000000000194
0.009999482765333191428
0.009999999999999091213
 0.01000000000000000021
 0.01000000000000000021
0.009999991459462722818
 0.01000000000000000021
0.009651071979387091174
0.009930659280830580679
 0.01000000000000000021
0.008838197006274146894
 0.01000000000000000021
0.009999999999999998473
 0.01000000000000000021
 0.01000000000000000021
 0.00999895814137099874
0.009999992357164852463
0.009612899640500945087
0.009999999999999325401
 0.01000000000000000021
0.009919593612504778654
 0.00999870208965308524
0.009999999973369757059
 0.01000000000000000021
 0.01000000000000000194
0.009996555768385264121
 0.01000000000000000021
 0.01000000000000000021
0.009893750959908298448
 0.01000000000000000021
0.009303676330583770734
0.009999942206802697742
 0.01000000000000000021
0.009973152028705647987
0.009883986413388218609
0.006124758076648032651
0.009876328760212865071
0.009481554974844050646
0.009967833623421101796
0.009999999999999821532
0.009533549715900502611
 0.01000000000000000021
0.009999999865259866227
 0.01000000000000000021
 0.01000000000000000021
 0.01000000000000000021
 0.01000000000000000021
 0.01000000000000000021
0.009999999999998154462
0.009999999999999998473
