0.009956909281040135506
 0.01000000000000000021
0.009999999990228176233
 0.01000000000000000021
 0.01000000000000000021
0.009997920863234699418
 0.01000000000000000021
 0.00956217214358941886
0.009995890962262866941
0.009816578915939171146
 0.01000000000000000021
 0.01000000000000000021
 0.01000000000000000021
 0.01000000000000000021
0.009998993546279224404
 0.01000000000000000021
0.009999999999999998473
0.009999973945170213471
0.009999057603736259334
 0.01000000000000000021
 0.01000000000000000021
 0.01000000000000000021
0.009999633724184253322
 0.01000000000000000021
 0.01000000000000000021
 0.01000000000000000021
  0.0098319338837975917
0.007891210812175948955
 0.01000000000000000021
 0.01000000000000000021
0.009923141010351658672
0.009946849865678052474
0.009999991809788572744
0.009999999999999998473
 0.01000000000000000021
 0.01000000000000000194
0.009798007518247140585
0.007168788312273226097
0.009999999999999941228
 0.01000000000000000021
0.009982448111421621598
0.009688308149740088027
0.009947584562210304987
0.009999999999999654998
0.009999999995823271801
0.009998890184164239275
0.009999999999853565261
0.009998704149454709644
0.009999999999995963507
 0.01000000000000000021
 0.01000000000000000021
 0.01000000000000000021
0.009998820362303187728
 0.01000000000000000021
0.009999999999317400398
 0.01000000000000000021
0.009999965096447982829
 0.01000000000000000021
 0.01000000000000000021
0.009999852212532923598
0.009857782109772181625
0.007758629121039879034
0.009993186415061026603
0.009999548366169038263
0.009801372582264100686
0.009239823023514143197
0.009999999999997224651
 0.00999998675799304744
 0.01000000000000000021
0.009247122073359951774
0.009999999999999998473
 0.01000000000000000021
0.009999999999811149537
 0.01000000000000000021
 0.01000000000000000368
0.009999999999999564793
0.009999999683971692518
0.009998839963841604436
0.009731484821098918339
0.008017932777099419719
 0.01000000000000000021
 0.00999999999999563044
0.009999884826866298204
0.009999999999270885523
 0.01000000000000000194
0.009996844731020094674
 0.01000000000000000021
0.009835603026294255022
 0.00999999999999393388
 0.01000000000000000194
 0.00936887811634979327
0.009978711964142527452
0.009999999999296311365
0.009999999970580007724
0.008645958866963286346
0.009730786014649486435
0.009999999999999991535
0.009969673570897738882
 0.01000000000000000021
 0.00998175644205728102
0.009999992855117436144
0.009999577562743782941
0.009999979079454442144
0.009999884245821084525
0.009997260693308741147
0.009959417196185071583
 0.01000000000000000194
0.009999916253912949013
0.009999999999999988065
0.009999999999991938948
0.009992062087882279051
 0.01000000000000000021
 0.01000000000000000194
0.008216866989410582731
0.009999999993496634654
0.009985729060752420935
 0.01000000000000000021
0.009999999999999998473
 0.01000000000000000194
0.008299198224967784671
 0.01000000000000000021
0.009999999999999998473
0.009999999937641546738
0.009268539999497348719
0.009999999999999998473
0.009999999999999450301
 0.01000000000000000021
0.009999999965774473282
 0.01000000000000000021
0.009998027600072829577
 0.01000000000000000194
 0.01000000000000000021
 0.01000000000000000194
0.009999999829683071245
 0.01000000000000000021
0.009817363683091622287
0.009999999999998294975
 0.01000000000000000194
0.009999999999999998473
0.008013463574386644334
0.009611009944940131569
0.009999992828615427223
0.009118716129274928237
0.009979041787794327295
0.009987043595388588393
0.009999999999999998473
 0.01000000000000000021
0.009972365073649604172
 0.01000000000000000021
0.009999999999990903318
 0.01000000000000000021
0.009999999984605035391
0.009984422084195322331
0.009999955134125390957
0.009999998561814193651
 0.01000000000000000021
0.009669906825906909517
 0.01000000000000000021
0.009999999945747994542
0.009974399809026505623
0.008440705377193234715
0.009999988140716536966
 0.01000000000000000021
0.006899128394405587214
0.009999999999992152319
0.009995773308621683229
0.009999999999999993269
0.009997205886069737008
0.009999999999999998473
0.009998573739172093508
 0.00999981927331480662
0.009999999999824593644
0.009999779179411473831
0.008903004248090385861
 0.01000000000000000021
 0.00999967599058280282
0.009999956649116670954
 0.01000000000000000021
0.008345148392215711447
0.009931264930820925957
 0.01000000000000000021
0.007826843458006563226
 0.01000000000000000021
0.009998718683565693821
 0.01000000000000000194
 0.00999999999999979898
0.009953892364610845631
0.009998223309856146476
0.009977423382663594409
0.009970488131462713552
0.009999999977401434828
0.008354982683498130003
 0.00999999999982950985
0.009999715198814301126
0.009999991884696329825
 0.00871958347294087173
0.009999999999999413872
0.009991550871739217354
 0.01000000000000000021
0.008967391362264225466
 0.01000000000000000021
 0.01000000000000000021
0.009999999999804307788
 0.00983975627817525178
0.009999999999982338988
0.009993919995805216477
0.009995984741048626401
0.008045719550989600954
0.009999999511423898757
0.009992877297577378373
 0.01000000000000000021
 0.01000000000000000021
0.009999998212482113027
 0.01000000000000000021
0.009999748637365401052
0.008819379796756196196
 0.00999999999974814785
 0.01000000000000000021
0.009948958467887627014
 0.01000000000000000021
0.009999999999999998473
 0.01000000000000000021
 0.01000000000000000021
0.009996668727789783521
 0.00846342266226799908
0.009996050061667458714
0.008656747294735698747
0.009175572876829492588
0.009870763967796772689
0.009998077105890306251
0.009999881264099869105
 0.01000000000000000021
0.009315810892620032466
0.009999999999999998473
 0.01000000000000000021
0.009999957862538844458
 0.01000000000000000021
0.009999999664088644186
0.009959891582050838313
0.009977479780049234442
0.009977366786890113498
0.009231376569411980579
  0.0099999999999999898
0.009999998121177269134
0.008631755959192353653
0.009999999998091348152
 0.01000000000000000021
 0.00998807736387907763
 0.01000000000000000021
 0.00999827818908708213
0.009999999999995110023
0.009999053668897127725
 0.01000000000000000021
0.009999984825274489328
0.009756483704087317785
 0.01000000000000000021
 0.01000000000000000021
0.008191450634880323087
0.009999999969733931043
 0.01000000000000000021
0.009721858425741594645
 0.01000000000000000021
0.009999996055565882336
0.009999999996424478385
0.009999995273507504209
0.009848354174408206763
0.006976930576590277371
0.008363177668464130687
 0.01000000000000000021
0.009935355090220110777
0.009999999999999788572
 0.01000000000000000021
0.009999999999937822515
0.009989983347425466023
 0.01000000000000000021
0.009999999999999998473
 0.01000000000000000021
 0.01000000000000000021
0.009999999999999996739
0.008946712855945289367
0.009371626984808688679
0.009999999904099604944
0.009999864059611491759
 0.01000000000000000021
 0.01000000000000000021
0.009999999999987302032
0.009999921145142389584
 0.01000000000000000021
 0.00879692038725230982
0.009999998683296347848
0.006541117317806640317
0.009995885435064653934
 0.01000000000000000194
0.009999999999999413872
0.009937449215486258286
0.009163069352340484294
 0.00999999998135132212
 0.01000000000000000194
 0.01000000000000000194
0.009999410051227999516
0.009971469771011929814
0.009999999999999998473
 0.01000000000000000021
 0.01000000000000000021
0.009996661776180325309
0.009999998456757584406
0.009991967048216478589
 0.01000000000000000021
0.009844447629737129724
0.009510447249253910912
 0.01000000000000000194
0.009999999996777819006
 0.00962968176456661766
0.009890522194302630091
0.009999999999950919677
 0.01000000000000000194
0.009999999947921408769
0.009650367431711635163
0.008847634461869978081
 0.01000000000000000021
 0.01000000000000000194
0.009999970692059531596
 0.00999999999974137202
0.009999999999611368373
0.009891420707040876961
 0.01000000000000000021
0.009999999999999993269
0.008594692510887493031
 0.01000000000000000021
0.009999999999999998473
0.009999858761935155951
 0.00632557750424499101
 0.01000000000000000021
 0.00937392284660428822
0.007770097248393909722
 0.01000000000000000021
0.009817038933109230661
 0.01000000000000000021
 0.01000000000000000021
0.009705599305725242515
0.009479480906276474203
0.009987903278338374283
0.009999999999999998473
 0.01000000000000000021
 0.01000000000000000021
 0.01000000000000000194
0.009999999998666905116
0.009998322556712431822
0.009999999347060747196
0.009999999612375659597
 0.01000000000000000021
0.009548569604242281017
0.009997661612645390716
0.009999991954895696977
0.009759646220465224495
 0.01000000000000000021
0.009999966284181233123
0.009999997697000188521
0.009999817361603680413
 0.00999999999998778602
 0.01000000000000000021
0.009999998306983292479
   0.009664213132372328
0.008050491817968338792
 0.01000000000000000021
0.006013544542277403544
 0.01000000000000000021
 0.01000000000000000021
0.009999999999999998473
0.009465692631248369057
0.009997788743654435414
 0.01000000000000000021
0.009999999979793484928
0.009999946085365796905
0.009999999659293896254
0.009999811725407930715
0.009999968028780755261
0.008780158298511378523
0.009999999999999975922
 0.01000000000000000021
0.009292602007045215606
 0.00999999904405039948
0.009999999999151756858
 0.01000000000000000021
0.009999999999968155889
0.009205789594738585449
0.009068056459428814123
 0.01000000000000000021
0.009746461848878703108
 0.01000000000000000021
0.009919814189473592086
0.009998752865045635457
0.009999999999999743469
0.004890348246808335145
0.008868237100397004247
0.009888657442272087358
0.009994326549944421156
0.009999998867178061523
0.009279806459010409361
0.009999999987269447485
0.009999999993409830826
0.009999999916016601847
 0.01000000000000000021
0.009999998661519156687
0.009999999999999934289
 0.01000000000000000021
0.009697828532148438513
0.008315982681740439683
0.009999999999707551851
0.009999999999986226504
0.009999999948869341473
0.009999999997811813077
0.009102146421138136712
0.009998469337821965994
0.009999501681035107697
 0.01000000000000000021
0.009674273065392204399
0.008367267509338516956
0.006951646370899819231
 0.01000000000000000021
0.009802177348030970822
0.009986252150571871961
 0.01000000000000000021
0.008318438758603908037
0.009999999998912127361
0.009999999999999210909
0.009999999999999722652
 0.00999617493487777245
0.009995965507327978991
0.009999891520370202125
0.009999484200913053011
0.009989901971386716539
0.008238904748724447044
0.009999998580543144333
 0.01000000000000000021
0.009992463485567456075
0.009999999992520219524
0.009940297676246732939
 0.01000000000000000194
0.009999999999999998473
0.009221353561662096882
 0.01000000000000000021
0.009999999999995512479
0.009999419940574672677
0.008407918355621383372
 0.01000000000000000194
0.009918696842168896535
0.009999999772891810315
 0.01000000000000000021
 0.01000000000000000021
 0.01000000000000000194
0.009999999999999998473
 0.01000000000000000021
0.009998847879285281681
 0.00999999999999776068
 0.01000000000000000021
 0.01000000000000000021
0.009999979332177147753
 0.01000000000000000021
0.008085008085934427408
 0.00982347619277611564
 0.01000000000000000021
0.004885944926363676444
 0.01000000000000000194
 0.01000000000000000021
 0.01000000000000000021
 0.01000000000000000021
0.009998133679874860597
0.009999980728921012418
0.009786018164947079059
0.009999999999998334874
 0.01000000000000000021
 0.00974931426646380786
0.009997365679514447559
0.009999999934124653364
 0.01000000000000000021
 0.01000000000000000021
0.009990653067029495182
 0.01000000000000000194
 0.01000000000000000021
0.009773418496441860573
0.009999999999999998473
0.009773110033613334122
0.009999851950814946447
0.009999999999999998473
0.009957538552565321777
0.009547946501027403457
0.009466378772339500633
0.009762882739388302825
0.009288179242461508042
 0.00991408045912464328
0.009999999999999561323
0.009729465151080777738
0.009999999999999998473
0.009999999665186358119
 0.01000000000000000021
 0.01000000000000000021
 0.01000000000000000194
 0.01000000000000000021
 0.01000000000000000194
0.009999999999995404926
0.009999999999999998473
