0.009956966404063393242
 0.01000000000000000021
 0.00999999999670163342
 0.01000000000000000021
 0.01000000000000000021
0.009999247749712031341
 0.01000000000000000021
0.009838794358029645526
0.009992138253929454955
0.009910841294395369289
 0.01000000000000000021
 0.01000000000000000021
 0.01000000000000000021
 0.01000000000000000021
0.009999595791048481938
 0.01000000000000000021
 0.01000000000000000021
0.009999991144259850334
0.009999662749067668444
 0.01000000000000000021
0.009999999999999998473
 0.01000000000000000021
0.009999841648653202963
 0.01000000000000000021
 0.01000000000000000021
 0.01000000000000000021
 0.00991283216011435396
0.009315273189216152078
 0.01000000000000000021
 0.01000000000000000021
0.009976776388681289978
0.009955872153252815979
0.009999997114767303352
0.009999999999999998473
 0.01000000000000000194
 0.01000000000000000194
 0.00981249204103129026
0.009751033686335001949
0.009999999999999981126
 0.01000000000000000021
0.009995678958040293827
0.009928502730098164725
0.009985355151977421545
0.009999999999999882247
0.009999999998590233807
0.009999641530626027577
 0.00999999999994983374
0.009999571655930170055
0.009999999999998629777
 0.01000000000000000021
 0.01000000000000000021
 0.01000000000000000021
0.009997183778790086003
 0.01000000000000000021
 0.00999999999976392516
 0.01000000000000000021
 0.00999998715116075243
0.009999999999999998473
0.009999999999999998473
0.009999944885136191966
0.009629293849819356085
0.009313431938710666977
0.009997782447576231482
0.009999812897777304171
0.009955972743234895936
0.009028572747734029541
0.009999999999999033967
0.009999995203003276753
 0.01000000000000000021
0.009706796405619968343
 0.01000000000000000021
 0.01000000000000000021
0.009999999999934840525
 0.01000000000000000021
 0.01000000000000000368
0.009999999999999851022
0.009999999896295191579
0.009999618166380064288
0.009965595307973126871
0.006445923084311310641
 0.01000000000000000021
0.009999999999998471917
0.009999959449914016738
0.009999999999750883509
 0.01000000000000000194
0.009998928697658147208
 0.01000000000000000021
0.009938724349862227206
0.009999999999997942826
 0.01000000000000000194
 0.00987530757725895228
 0.00998555415176731985
0.009999999999761427158
0.009999999989638757095
0.008574899653315481984
   0.009830913379562203
0.009999999999999996739
 0.00998971510076005452
 0.01000000000000000021
0.009993747977052738068
0.009999997616755988347
0.009999871359660747819
0.009999992556741403929
0.009999929717959727543
0.009998686341226473845
0.009950643306257868359
 0.01000000000000000021
0.009999967314426646409
0.009999999999999995004
0.009999999999997212508
0.009998045368815230635
 0.01000000000000000021
 0.01000000000000000194
0.009121828493203925844
0.009999999997732820708
0.009995069450872494377
 0.01000000000000000021
0.009999999999999998473
 0.01000000000000000194
0.009629264847140991262
 0.01000000000000000194
 0.01000000000000000021
0.009999999978635133735
0.004459221423807952465
0.009999999999999998473
0.009999999999999812858
 0.01000000000000000021
0.009999999988232480957
0.009999999999999998473
 0.00999904302251776976
0.009999999999999998473
 0.01000000000000000021
 0.01000000000000000194
0.009999999934669915116
 0.01000000000000000021
0.009963479356399834036
0.009999999999999417341
 0.01000000000000000021
 0.01000000000000000021
 0.00968346674438769553
0.009200751986492484991
0.009999997366421887676
0.009715323139927158069
0.009994114394565037016
0.009975094763662921415
0.009999999999999998473
0.009999999999999998473
0.009990423160562852956
0.009999999999999998473
0.009999999999996900257
 0.01000000000000000021
0.009999999994802655917
0.009974063621449095335
0.009999984782222909666
0.009999999505598208133
 0.01000000000000000021
0.008942685765932358033
 0.01000000000000000021
0.009999999981645505201
0.009967047785331230314
0.007473536031803324105
0.009999996119132787548
 0.01000000000000000021
0.008018076384972257914
0.009999999999997340877
0.009997983807471886447
0.009999999999999996739
0.009991503372133735822
0.009999999999999998473
0.009999432388222942447
0.009999930022823922196
  0.0099999999999391357
0.009999738184639618901
0.009953657763212477028
 0.01000000000000000021
0.009999893618983042923
0.009999984935171133196
 0.01000000000000000021
 0.00956159923218233461
0.009971988869309769341
 0.01000000000000000021
0.009766835633280379278
 0.01000000000000000021
0.009999377722244573441
 0.01000000000000000194
0.009999999999999930819
0.009987453731399441315
 0.00999834967357943194
0.009990841354404696867
0.009976556853831555077
0.009999999992228787715
0.007746692853669339546
 0.00999999999994158166
0.009999916582315507632
0.009999997220153072908
0.009448063328041421752
 0.00999999999999979898
0.009995306065146503452
0.009999999999999998473
0.008526870312330151955
 0.01000000000000000021
 0.01000000000000000021
0.009999999999934658379
0.009926693157665596179
  0.0099999999999939998
0.009995173689717496215
0.009998743928899135602
0.008649919637983862625
0.009999999837811100745
0.009990287566557438589
0.009999999999999998473
 0.01000000000000000021
0.009999999339936482476
 0.01000000000000000021
0.009999883291024852863
 0.00949825541383268919
0.009999999999913336893
 0.01000000000000000021
0.009986329260928765092
 0.01000000000000000021
0.009999999999999998473
 0.01000000000000000021
 0.01000000000000000021
0.009998918272656963716
0.008591995569501123184
0.009996767454675694817
0.008348576770928827634
0.009842228613744527163
0.009575577804212333927
0.009999372475790616402
0.009999956571288583229
0.009999999999999998473
0.004035312973246455749
0.009999999999999998473
 0.01000000000000000021
0.009999982108579020049
 0.01000000000000000021
0.009999999879393038291
0.009981855283552118832
0.009989707937112230277
0.009988869172752804296
0.009696611874427295275
0.009999999999999995004
0.009999999363765240887
 0.00975944383800896216
0.009999999999348306232
0.009999999999999998473
0.009994352681378281672
 0.01000000000000000194
0.009999332794903689411
0.009999999999998331404
0.009998488306110175222
 0.01000000000000000021
0.009999995009459432607
0.009852559171352442968
 0.01000000000000000021
 0.01000000000000000021
 0.00994028358902418821
0.009999999989166811695
 0.01000000000000000194
0.009544958827355481956
 0.01000000000000000021
0.009999998516651526642
0.009999999998774742466
0.009999998311782146501
0.009932264355709752995
0.003990960665421872111
0.009406531129514651701
 0.01000000000000000021
0.009942810566411594553
0.009999999999999925615
 0.01000000000000000021
0.009999999999978279736
 0.00999727040757914312
 0.01000000000000000021
0.009999999999999998473
 0.01000000000000000021
0.009999999999999998473
0.009999999999999998473
0.006835484914004603084
0.009762411265059249207
0.009999999967984320171
0.009999953879506431886
 0.01000000000000000021
 0.01000000000000000021
0.009999999999995578398
0.009999973344091184907
 0.01000000000000000021
 0.00610827263962341379
0.009999999436618925777
0.009666688056427570619
0.009998376689168270853
 0.01000000000000000194
 0.00999999999999980245
0.009938972397244951254
0.009319376278835030461
0.009999999992737646295
0.009999999999999998473
 0.01000000000000000021
0.009999796693128166006
0.009987239505802231881
 0.01000000000000000021
 0.01000000000000000021
 0.01000000000000000021
0.009997032423090653971
 0.00999999945008380603
 0.00999702809972000464
 0.01000000000000000021
0.009263629551536521969
0.009132817413999601633
 0.01000000000000000194
0.009999999998907736776
0.009288743128245889949
0.009979379813983854305
0.009999999999983404109
 0.01000000000000000021
0.009999999980810456157
0.009889050722681373001
0.009801106076225449965
 0.01000000000000000021
 0.01000000000000000021
0.009999990029961268109
0.009999999999909924692
0.009999999999867847239
0.009944808789211230515
 0.01000000000000000021
0.009999999999999998473
0.009747006954878378523
 0.01000000000000000021
0.009999999999999998473
0.009999955490228088634
0.003389582540943155212
 0.01000000000000000194
0.009556900762484997133
0.008147592609606858424
 0.01000000000000000021
0.009327465607687719651
 0.01000000000000000021
0.009999999999999998473
0.009893483850692438158
0.009686884270401529065
0.009995678509112091922
0.009999999999999998473
0.009999999999999998473
 0.01000000000000000021
 0.01000000000000000021
0.009999999999538643561
0.009999287165200900634
0.009999999787291437639
0.009999999854802149937
 0.01000000000000000021
0.009650345841721396853
0.009999115932585705968
0.009999997263392075564
0.009936131512802858293
 0.01000000000000000021
0.009999988516942904734
0.009999999172646035356
0.009999901302561712071
0.009999999999995861158
 0.01000000000000000021
0.009999999380616800965
 0.00983011561452554021
0.009299746187623671168
0.009999999999999998473
0.004347097273100288331
 0.01000000000000000021
0.009999999999999998473
 0.01000000000000000021
0.009882574122554964313
0.009999121693670223396
 0.01000000000000000021
0.009999999993100722184
0.009999983263547170681
0.009999999886850173894
0.009999907775042872482
0.009999989383820824876
0.008353296017523192604
0.009999999999999991535
 0.01000000000000000021
0.009847219632179873491
0.009999999663717262441
0.009999999999710528636
 0.01000000000000000021
0.009999999999989132166
0.009813123270625922698
0.006849715990026719603
 0.01000000000000000021
0.009816933239076170228
 0.01000000000000000021
0.009977344410352362303
0.009999455315914451692
0.009999999999999913472
0.009486897413708356847
0.009843569316130973759
0.009920670158140689268
 0.00999856634191840371
0.009999999614380914933
0.008461849137019866393
0.009999999995770262121
0.009999999997744771218
0.009999999970658899479
 0.01000000000000000021
0.009999999546422428873
0.009999999999999977657
 0.01000000000000000194
0.009359822610057482242
 0.00987380592471566107
0.009999999999900222383
0.009999999999995195024
0.009999999982013242292
0.009999999999239016918
0.009468856417465833925
0.009999401107684741108
0.009999789412445819065
 0.01000000000000000021
 0.00987901757718112096
0.009542240482455142253
0.005237396204539300493
 0.01000000000000000021
 0.00960924482198521196
0.009994300630221141998
0.009999999999999998473
0.007508225657733505129
0.009999999999632134748
0.009999999999999726122
0.009999999999999906533
0.009998036227787179819
0.009995061118541866824
0.009999958663740593501
0.009999780604193155356
0.009993553101011347362
0.007682589716445060481
0.009999999534586963973
 0.01000000000000000021
0.009994284073497462437
0.009999999997408363234
0.009984081588757527659
 0.01000000000000000194
0.009999999999999998473
0.007490121681961551224
 0.01000000000000000021
0.009999999999998438957
 0.00999982092155531424
0.009619180578961248479
 0.01000000000000000194
0.009949222078153878088
0.009999999924631271589
 0.01000000000000000021
 0.01000000000000000021
 0.01000000000000000194
 0.01000000000000000021
 0.01000000000000000194
0.009999584387421881632
0.009999999999999223052
0.009999999999999998473
 0.01000000000000000021
0.009999993130569314465
 0.01000000000000000021
0.009856302260402129492
0.009939841924082436914
 0.01000000000000000021
0.003309420544873349548
 0.01000000000000000021
0.009999999999999998473
 0.01000000000000000194
 0.01000000000000000021
0.009999256195766805314
0.009999992861808637556
0.009929658968607842431
0.009999999999999422545
 0.01000000000000000021
0.009923206107334837586
0.009999034152909945516
 0.00999999997742645301
 0.01000000000000000021
 0.01000000000000000021
0.009994895774176179928
 0.01000000000000000021
 0.01000000000000000021
0.009939517470540868566
 0.01000000000000000021
0.009964199762795054524
0.009999942652627180975
 0.01000000000000000021
0.009986532584108672242
0.009446230659437428179
0.009694520415982425462
0.009775785118018995995
0.009873913525052005133
0.009960901749362625207
0.009999999999999849287
0.009626734275592319437
 0.01000000000000000021
0.009999999881999597356
 0.01000000000000000021
 0.01000000000000000194
 0.01000000000000000021
 0.01000000000000000021
 0.01000000000000000194
0.009999999999998352221
0.009999999999999998473
