0.009961974539240026072
 0.01000000000000000021
0.009999999990963893276
 0.01000000000000000021
 0.01000000000000000021
0.009997461357365733381
 0.01000000000000000021
0.008886571570040028428
0.009994412568755368584
 0.00992930067853879314
 0.01000000000000000021
 0.01000000000000000021
 0.01000000000000000021
 0.01000000000000000021
0.009998836808276553856
 0.01000000000000000021
0.009999999999999998473
0.009999975280120764615
0.009999130827513079064
0.009999999999999998473
 0.01000000000000000021
 0.01000000000000000021
0.009999601744168858802
 0.01000000000000000021
 0.01000000000000000194
0.009999999999999998473
0.009634935207610467733
0.007823936025948139555
 0.01000000000000000021
 0.01000000000000000021
0.009931725266602122945
0.009919465060163709658
0.009999992180564427208
0.009999999999999998473
 0.01000000000000000194
 0.01000000000000000021
0.009131520555190456717
0.008854703489395581578
0.009999999999999944697
 0.01000000000000000021
 0.00998874192006741872
0.009356160316411602298
0.009917410592133699479
0.009999999999999679284
0.009999999996137815331
0.009998968365914828391
0.009999999999862787051
0.009998827434349474852
0.009999999999996246267
 0.01000000000000000021
 0.01000000000000000021
 0.01000000000000000021
0.009997776994217366306
 0.01000000000000000194
0.009999999999357366692
 0.01000000000000000021
0.009999964827121725353
0.009999999999999998473
 0.01000000000000000021
0.009999846330059913163
0.009705163757848883632
0.007146077938531837127
0.009992831226457334418
0.009999528404452253522
0.009846065208467409333
0.009904308074377631346
0.009999999999997375572
0.009999987100019756478
0.009999999999999998473
0.008728097983236010604
0.009999999999999998473
 0.01000000000000000194
0.009999999999822558813
0.009999999999999998473
 0.01000000000000000368
0.009999999999999592548
0.009999999712900010593
0.009998930427268341858
0.009837529217690215919
0.009545171367208069371
 0.01000000000000000021
0.009999999999995857689
0.009999892845117827958
0.009999999999319018895
 0.01000000000000000194
0.009997100171535948723
 0.01000000000000000021
0.009923981551130920536
0.009999999999994367561
 0.01000000000000000021
0.007904454692535851576
0.009974377038055003142
0.009999999999346862942
0.009999999971959027886
0.009564539291350386899
0.009538410587258940032
0.009999999999999993269
0.009978782050045011814
 0.01000000000000000021
0.009984838035275684504
0.009999993413911752518
 0.00999964259028008999
0.009999979448324529396
0.009999851155392652444
0.009996954909513132079
0.009901033996926215247
 0.01000000000000000194
0.009999924225611935696
 0.00999999999999998633
0.009999999999992415997
0.009995188518985346354
 0.01000000000000000021
 0.01000000000000000194
0.008171004116172279202
 0.00999999999383331846
0.009981482493325739488
 0.01000000000000000021
0.009999999999999998473
 0.01000000000000000194
0.009296757489446397585
 0.01000000000000000194
0.009999999999999998473
0.009999999941527219771
0.009556939807428407527
0.009999999999999998473
 0.00999999999999948673
 0.01000000000000000021
0.009999999968314592438
 0.01000000000000000021
0.009997626057173405675
 0.01000000000000000021
 0.01000000000000000021
 0.01000000000000000021
0.009999999829095770204
 0.01000000000000000021
0.009868590048271981899
0.009999999999998407732
 0.01000000000000000194
 0.01000000000000000021
0.008355821788661560792
0.008598895047269019057
0.009999993021738854196
0.009593613588284380378
0.009983121228137589731
0.009988984988958699018
0.009999999999999998473
0.009999999999999998473
0.009973920320878813806
0.009999999999999998473
0.009999999999991527819
 0.01000000000000000021
 0.00999999998576187217
0.009988268966541492475
0.009999957329209037057
0.009999998655818215232
 0.01000000000000000021
0.009840153943538198014
 0.01000000000000000021
0.009999999950188156322
0.009965362290514843263
0.008449250316997260202
 0.00999998920368171812
 0.01000000000000000021
 0.00881899065603417194
0.009999999999992719574
0.009995173083337739045
0.009999999999999995004
0.009995554957256146122
0.009999999999999998473
0.009998618973830045165
0.009999816402016047101
0.009999999999834661979
0.009999623476987207563
0.008838657806131241385
 0.01000000000000000021
0.009999707190133176604
0.009999959618201308825
 0.01000000000000000021
0.007354414678289020527
0.009913147980164406861
 0.01000000000000000021
  0.0093169001214438215
 0.01000000000000000194
0.009998398004244098483
 0.01000000000000000194
0.009999999999999812858
0.009939796519198225086
0.009998324625148206912
0.009962874666987135697
0.009910308003719612777
0.009999999978866597888
0.008097591251448765792
0.009999999999840180134
0.009999767855610873502
0.009999992454486739124
 0.00861285346900696018
0.009999999999999452036
0.009990185248153236192
0.009999999999999998473
0.008122410556669845683
 0.01000000000000000021
 0.01000000000000000021
0.009999999999820468471
0.009890967071414544926
0.009999999999983572377
0.009989865046644801419
0.009996529687889176702
0.009388077508406268354
0.009999999554376248767
0.009989931841215502276
 0.01000000000000000021
 0.01000000000000000021
0.009999998241657015105
 0.01000000000000000021
 0.00999972604346119516
0.009007157429451203776
 0.00999999999976370485
 0.01000000000000000021
0.009966445988697099009
 0.01000000000000000194
0.009999999999999996739
 0.01000000000000000021
0.009999999999999998473
 0.00999665722047236513
0.008625496579319581747
0.009995430748862265194
0.009668731128752791268
0.009283193886013989954
0.009847203319302328187
0.009998607958384045369
 0.00999988638393063678
 0.01000000000000000021
0.009630776333077914822
0.009999999999999998473
0.009999999999999998473
0.009999955782542931104
 0.01000000000000000021
0.009999999675978143987
 0.00995164990496734056
0.009988511693794365973
 0.00998844423472722287
 0.00955650107742942595
  0.0099999999999999898
0.009999998248218294403
0.009861846319691846413
0.009999999998216038341
 0.01000000000000000021
0.009988623697499905349
 0.01000000000000000021
0.009998407116027611952
0.009999999999995437885
0.009998692475703594568
 0.01000000000000000021
0.009999986042065958994
0.009462844144971685467
 0.01000000000000000194
 0.01000000000000000021
0.008689627000411917143
0.009999999970907278921
 0.01000000000000000021
0.009639727210329372686
 0.01000000000000000021
0.009999996068275170819
0.009999999996647513517
0.009999995465400269776
0.009738721242157329441
0.004168972114380818141
0.009594433518853079726
 0.01000000000000000021
0.009922225816057094958
0.009999999999999800715
 0.01000000000000000021
0.009999999999941068182
0.009991498849867217966
 0.01000000000000000021
0.009999999999999998473
 0.01000000000000000021
 0.01000000000000000021
0.009999999999999996739
0.009555539443021196164
0.009656620223337589182
0.009999999912041328612
0.009999870549264933128
 0.01000000000000000021
 0.01000000000000000021
0.009999999999987994187
0.009999927346126282618
 0.01000000000000000021
0.008545025966220901395
0.009999998604191959878
0.009853012213131560545
0.009994864589085192957
 0.01000000000000000021
 0.00999999999999945724
0.009967665824037125546
0.009308051482928042519
0.009999999981113253875
0.009999999999999998473
 0.01000000000000000194
0.009999419443583708669
0.009971415304197457988
0.009999999999999998473
 0.01000000000000000021
 0.01000000000000000021
0.009996176130897619846
0.009999998520728681922
 0.00999288049695854462
 0.01000000000000000021
0.009886812081817183268
0.009397764501746661003
 0.01000000000000000194
  0.0099999999970074617
0.009897329362969661121
0.009954184447540554564
0.009999999999954514024
 0.01000000000000000194
0.009999999949008334457
0.009160523853649626957
0.009270855384227363188
 0.01000000000000000021
 0.01000000000000000021
0.009999972800208948784
0.009999999999755381647
0.009999999999638279138
 0.00991229547048625044
 0.01000000000000000021
0.009999999999999995004
0.009689893797099771375
 0.01000000000000000021
0.009999999999999998473
0.009999877187209528159
0.003879997024708987073
 0.01000000000000000021
0.009431474191723484765
0.009705962338330728287
 0.01000000000000000021
0.009699706504708131838
0.009999999999999998473
 0.01000000000000000021
0.009647287497616128041
0.009362594585373293365
 0.00998583994621302963
0.009999999999999996739
 0.01000000000000000021
 0.01000000000000000194
 0.01000000000000000194
0.009999999998741650881
0.009998221680337524009
0.009999999403690059546
0.009999999616601798133
 0.01000000000000000021
0.008977543515068742153
0.009998313270735805294
0.009999992481315007897
 0.00987196328346711012
 0.01000000000000000021
0.009999968945325081807
0.009999997777625760711
0.009999780507979583524
 0.00999999999998866726
 0.01000000000000000021
0.009999998355884680626
0.009741917521369131139
0.008458838096722452737
0.009999999999999998473
0.005407579499976579267
 0.01000000000000000021
 0.01000000000000000021
0.009999999999999998473
0.009580460768597054769
0.009997061034471829699
 0.01000000000000000021
0.009999999981165368437
0.009999954861871166584
0.009999999688710787052
0.009999786245633610765
0.009999970485685521701
0.008610689720740999364
0.009999999999999977657
 0.01000000000000000021
0.009760475940507431711
0.009999999085140948846
 0.00999999999920942774
 0.01000000000000000021
0.009999999999970312151
 0.00972240190070844737
0.009292645449954997292
 0.01000000000000000021
0.009311846885471423974
 0.01000000000000000021
0.009896882710357905386
0.009998794067057781287
0.009999999999999762551
0.009763487673164398736
0.009641219637155019201
0.009821901699206813177
0.009996112541438589849
0.009999998940625302868
0.009595858853912972095
0.009999999988364682499
0.009999999993858510114
0.009999999920711068885
 0.01000000000000000021
0.009999998760453172181
0.009999999999999937758
 0.01000000000000000021
0.009822762174581334271
0.008644265640121547717
0.009999999999727490763
0.009999999999986963761
0.009999999951506835863
0.009999999997932587995
0.009525523876705689966
0.009998486171508275469
0.009999479021372367771
 0.01000000000000000021
0.009900737222923785066
0.008099073144358830481
0.005496823427570636522
 0.01000000000000000021
0.009848859046288084215
0.009976691533559921277
 0.01000000000000000021
0.008791098077810670028
0.009999999998991331365
0.009999999999999250808
0.009999999999999741734
0.009995383150333280592
0.009995342053621975725
0.009999890989564467689
0.009999448989148330275
0.009989931295499238431
0.009246219848736622615
0.009999998711272781518
 0.01000000000000000021
0.009984601911704847968
0.009999999992933085446
0.009953447517181525719
 0.01000000000000000194
0.009999999999999998473
0.008920070562181211735
 0.01000000000000000021
0.009999999999995757075
0.009999505061379013529
0.009577115892968623284
 0.01000000000000000194
0.009910069037258715727
0.009999999792615258884
 0.01000000000000000021
 0.01000000000000000021
 0.01000000000000000194
0.009999999999999998473
 0.01000000000000000021
0.009998898785122207686
0.009999999999997890784
0.009999999999999998473
 0.01000000000000000021
0.009999981114167770524
 0.01000000000000000021
0.009551029921628335223
0.009795553875592223972
 0.01000000000000000021
0.004675575607447613434
 0.01000000000000000194
 0.01000000000000000021
 0.01000000000000000021
 0.01000000000000000021
0.009998591025740938276
0.009999981003977417154
0.009663133634923175633
0.009999999999998430283
 0.01000000000000000021
0.009795017688285884497
0.009997540905142862644
0.009999999938219801196
 0.01000000000000000021
 0.01000000000000000194
0.009988657156322855446
 0.01000000000000000194
 0.01000000000000000021
0.009772078461215942188
 0.01000000000000000021
0.009566752231168028711
0.009999849497163893278
 0.01000000000000000021
 0.00994540339744601383
0.009667696869681470864
0.009546685011255790637
0.009894723478171628395
0.009474397775797864171
0.009959912701354343978
0.009999999999999589079
0.009724698349692459387
 0.01000000000000000021
0.009999999680718178741
 0.01000000000000000021
 0.01000000000000000021
 0.01000000000000000194
 0.01000000000000000021
 0.01000000000000000021
0.009999999999995576663
0.009999999999999998473
