0.009990432592578044405
 0.01000000000000000021
0.009999999999330001429
 0.01000000000000000021
 0.01000000000000000021
0.009999853596118907229
 0.01000000000000000021
0.009983392728948671177
0.009997979503023073436
0.009983392103265976286
 0.01000000000000000021
 0.01000000000000000021
 0.01000000000000000021
 0.01000000000000000021
0.009999919587355814501
 0.01000000000000000021
 0.01000000000000000021
0.009999998207155087748
 0.00999992682021917656
 0.01000000000000000021
 0.01000000000000000021
 0.01000000000000000021
0.009999967297767720434
 0.01000000000000000021
 0.01000000000000000021
0.009999999999999998473
0.009993004458604801479
0.009952358434031770285
 0.01000000000000000021
 0.01000000000000000021
0.009995631985394506924
0.009993689335799508036
0.009999999413803264958
0.009999999999999998473
 0.01000000000000000194
 0.01000000000000000194
0.009980726055801848046
 0.00994809848581863776
0.009999999999999996739
 0.01000000000000000021
 0.00999930059676558923
0.009990614676647645992
0.009997263428972268454
0.009999999999999977657
0.009999999999713633791
0.009999927085853354408
0.009999999999989808708
0.009999912370419257457
0.009999999999999720918
 0.01000000000000000021
 0.01000000000000000021
 0.01000000000000000021
0.009999307638988938832
 0.01000000000000000021
0.009999999999952014287
 0.01000000000000000021
0.009999997393677951402
0.009999999999999998473
0.009999999999999998473
 0.00999998885260603744
0.009654422478521183792
0.009948186031329670984
0.009999537745297222557
0.009999961512931249477
0.009996316766164203144
0.009419337295649161251
0.009999999999999804184
0.009999999024737362199
 0.01000000000000000021
0.009989811589335727271
0.009999999999999998473
 0.01000000000000000021
 0.00999999999998675386
 0.01000000000000000021
 0.01000000000000000194
0.009999999999999968983
0.009999999978959867031
0.009999922160104363425
0.009992850831829989608
0.009767564835706286572
 0.01000000000000000021
0.009999999999999689693
0.009999991735192762313
0.009999999999949384447
 0.01000000000000000194
0.009999782589918355946
 0.01000000000000000021
0.009982362796444920264
0.009999999999999580405
 0.01000000000000000194
0.009982195193910576095
0.009996522642310448625
0.009999999999951533769
0.009999999997892345879
0.009857492467899594754
0.009872702192788974582
 0.01000000000000000021
0.009997672075717747159
 0.01000000000000000021
0.009998217119805603154
0.009999999516397751684
 0.00999997352235916688
0.009999998490931793008
0.009999985250497849323
0.009999732522054804659
0.009995304627424221947
 0.01000000000000000021
0.009999993196464534301
0.009999999999999998473
0.009999999999999432954
0.009999603900552867658
 0.01000000000000000021
 0.01000000000000000194
 0.00996942160070296915
0.009999999999539139692
0.009999156848235062414
 0.01000000000000000021
0.009999999999999998473
 0.01000000000000000194
0.009960323527313432596
 0.01000000000000000021
 0.01000000000000000021
0.009999999995660336163
 0.00988784260532701853
0.009999999999999998473
0.009999999999999962044
 0.01000000000000000021
0.009999999997602888185
 0.01000000000000000021
0.009999791716615604592
0.009999999999999998473
 0.01000000000000000021
 0.01000000000000000194
0.009999999986651821743
 0.01000000000000000021
0.009992163847332207957
0.009999999999999882247
 0.01000000000000000021
 0.01000000000000000021
0.009940499897436795226
0.009912525486896237026
0.009999999463011837939
0.009951440959961687163
0.009998807851614192541
0.009992286034979883103
0.009999999999999998473
 0.01000000000000000021
0.009996567853479946045
0.009999999999999998473
0.009999999999999370504
 0.01000000000000000021
0.009999999998944257909
0.009993287870333190936
 0.00999999692131653059
0.009999999899481842175
 0.01000000000000000021
 0.00970572612456914105
 0.01000000000000000021
0.009999999996265220362
0.009989132679852666744
 0.00988936425414876398
0.009999999212895143222
0.009999999999999998473
0.009931687074632824033
0.009999999999999458974
0.009999580743791621276
 0.01000000000000000021
0.009997598698767021577
 0.01000000000000000021
0.009999883543923070855
0.009999985708515053348
0.009999999999987624691
0.009999942555125488491
 0.00999061394056742838
 0.01000000000000000021
0.009999978435445566402
0.009999996921107060996
 0.01000000000000000021
0.009923596463926398839
0.009996456146244732388
 0.01000000000000000021
0.009978335761335277443
 0.01000000000000000021
0.009999881686350636442
 0.01000000000000000194
0.009999999999999984596
0.009997551413825434344
0.009999604787410231246
0.009998724612667281991
0.009996757593536558656
  0.0099999999984199308
0.009805409437639892381
0.009999999999988132965
 0.00999998305740280348
0.009999999434571473292
0.009982956974495088218
 0.00999999999999996031
0.009999128607011844791
0.009999999999999998473
0.009905218866191762769
 0.01000000000000000021
 0.01000000000000000021
0.009999999999986731308
0.009989894583434006867
0.009999999999998782432
0.009999049560941978068
0.009999745840656102877
0.009936001517387845969
0.009999999967059934602
0.009997201596195359405
 0.01000000000000000021
 0.01000000000000000021
0.009999999865478802208
 0.01000000000000000021
0.009999975681249226658
0.009897613573095763104
0.009999999999982387561
 0.01000000000000000021
0.009997432248509355995
 0.01000000000000000021
0.009999999999999996739
 0.01000000000000000021
 0.01000000000000000021
0.009999780590418482981
0.009906730833429380073
0.009999272901792729054
0.009625468272546408924
0.009966330665439690137
0.009613026459165539134
0.009999870299223516737
 0.00999999113934839888
 0.01000000000000000021
0.009884202184103782485
0.009999999999999998473
 0.01000000000000000021
0.009999996310666356067
 0.01000000000000000021
0.009999999975443461114
0.009996374800604291774
0.009997450593916283948
0.009996980874061468098
0.009929179945861309198
0.009999999999999998473
0.009999999870860070555
0.009732822386485767349
0.009999999999867621725
0.009999999999999998473
 0.00999887877705832491
 0.01000000000000000194
0.009999847905176608223
0.009999999999999660202
 0.00999963849290955685
0.009999999999999998473
 0.00999999898871595759
0.009906951550729018591
 0.01000000000000000021
 0.01000000000000000021
0.009982445724543504567
0.009999999997793811851
 0.01000000000000000194
 0.00995836694299939186
 0.01000000000000000021
0.009999999697564701182
0.009999999999751114227
 0.00999999965599982811
 0.00999464538190369782
0.003988469822945109322
 0.00992335418101122739
 0.01000000000000000021
0.009995354068872627784
0.009999999999999982861
 0.01000000000000000021
0.009999999999995583602
0.009999445661146593237
 0.01000000000000000021
0.009999999999999998473
 0.01000000000000000021
 0.01000000000000000021
0.009999999999999998473
  0.0096758663227013951
 0.00995821718575401818
0.009999999993498296519
0.009999990662904002792
 0.01000000000000000021
 0.01000000000000000021
0.009999999999999101621
0.009999994534903100876
 0.01000000000000000021
0.009903261443793585223
0.009999999884039710227
0.009695875461629289982
0.009999720944698772471
 0.01000000000000000194
 0.00999999999999996031
 0.00997840420746099431
0.009913196877534035875
0.009999999998515075178
0.009999999999999998473
 0.01000000000000000021
0.009999958955359128376
0.009997032029388574353
 0.01000000000000000021
 0.01000000000000000021
 0.01000000000000000021
0.009999315608575127731
0.009999999888033439185
 0.00999942555129992687
 0.01000000000000000021
0.009526139496764932449
0.009961509368892760424
 0.01000000000000000194
0.009999999999778132545
0.009367718027599612404
0.009996492349972367977
0.009999999999996627906
 0.01000000000000000021
0.009999999996086833542
 0.00998812562521489769
0.009952506516102369027
 0.01000000000000000021
 0.01000000000000000021
0.009999997973799364115
0.009999999999981686732
0.009999999999973153628
0.009984068598262547597
 0.01000000000000000021
 0.01000000000000000021
0.009898027129836450833
 0.01000000000000000021
 0.01000000000000000021
0.009999990972150303234
0.002892906527180032911
 0.01000000000000000194
0.009860304948950560783
0.009915087888683270581
 0.01000000000000000021
0.009528433044775961799
 0.01000000000000000021
 0.01000000000000000021
0.009990413472340978901
0.009837655670013389225
0.009999446962581324053
 0.01000000000000000021
 0.01000000000000000021
 0.01000000000000000021
 0.01000000000000000021
0.009999999999906247078
0.009999853025444305904
0.009999999956900219519
0.009999999970367552671
 0.01000000000000000021
0.009976815472273081742
0.009999813012197381751
0.009999999444411345265
0.009988397958654611844
 0.01000000000000000021
0.009999997659611965795
0.009999999831540430997
0.009999979380933551182
0.009999999999999158867
 0.01000000000000000021
0.009999999873732432626
0.009987898650269139145
0.009944910219558173239
 0.01000000000000000021
 0.00389983636704388471
 0.01000000000000000021
0.009999999999999998473
 0.01000000000000000021
0.009992357397290509841
0.009999831758314000826
 0.01000000000000000021
0.009999999998597821488
 0.00999999658679504369
0.009999999977024475947
0.009999980785879082623
0.009999997846805587509
0.009909166703824067238
0.009999999999999998473
 0.01000000000000000021
0.009960793002484764902
0.009999999931652887517
 0.00999999999994117747
 0.01000000000000000021
 0.00999999999999779017
0.009968219129249784871
0.009918930385988799364
 0.01000000000000000021
0.009924433576707508003
 0.01000000000000000021
0.009994390588399742689
0.009999880679510849552
0.009999999999999984596
0.009898683889341322942
0.009989626429165752997
0.009985029418775331553
0.009999708577219506081
0.009999999921719704768
0.009558712165736137079
0.009999999999141126472
0.009999999999541530141
0.009999999994030292841
 0.01000000000000000021
0.009999999907838660884
0.009999999999999995004
 0.01000000000000000194
0.009736033894507410691
0.009980409758243725601
 0.00999999999997972476
0.009999999999999021824
0.009999999996339499486
0.009999999999845269813
0.009909612755585897603
0.009999878196035450265
0.009999957109687863249
 0.01000000000000000021
0.009984769864403556655
0.009965694709932117201
0.005365015437650691617
 0.01000000000000000021
0.009738674225144378083
0.009999175217522894565
 0.01000000000000000021
0.009910117988292220167
0.009999999999925283933
0.009999999999999944697
0.009999999999999982861
0.009999590179754248853
0.009998757280312504589
0.009999991564012362597
0.009999954615747479181
0.009998363888513928793
0.009913394044458208668
0.009999999905572909062
 0.01000000000000000021
0.009999098111022591828
0.009999999999473339896
0.009998279843127974229
 0.01000000000000000194
 0.01000000000000000021
0.009929169334963234075
 0.01000000000000000021
0.009999999999999684488
0.009999963695512396541
0.009799641911022506993
 0.01000000000000000021
0.009987207821202832847
0.009999999984696339092
 0.01000000000000000021
 0.01000000000000000021
 0.01000000000000000021
0.009999999999999998473
 0.01000000000000000194
0.009999915366387562496
0.009999999999999842348
0.009999999999999998473
 0.01000000000000000021
 0.00999999860511660392
 0.01000000000000000021
0.009960138575445059983
0.009996056865839406808
 0.01000000000000000021
0.002831041596494848159
 0.01000000000000000021
 0.01000000000000000021
 0.01000000000000000021
 0.01000000000000000021
0.009999827057862540475
0.009999998544994930655
0.009982734351805728698
0.009999999999999882247
 0.01000000000000000021
0.009983637043880444484
0.009999800960290079754
0.009999999995414836362
 0.01000000000000000021
 0.01000000000000000021
0.009998908491047474312
 0.01000000000000000021
 0.01000000000000000021
 0.00999599617511743796
 0.01000000000000000021
0.009990181740726527745
0.009999988289656699253
0.009999999999999998473
0.009998447126672123028
0.009948575131695069212
0.009953938139387219497
0.009809634519467405958
0.009988027063116968265
0.009991506592531328515
0.009999999999999970718
0.009906857904376226501
 0.01000000000000000021
0.009999999975996142279
 0.01000000000000000021
 0.01000000000000000021
 0.01000000000000000021
 0.01000000000000000021
 0.01000000000000000021
0.009999999999999665407
 0.01000000000000000021
