 0.00994599247583638317
 0.01000000000000000021
0.009999999995453978663
 0.01000000000000000021
 0.01000000000000000021
0.009998931947853355665
 0.01000000000000000021
0.009640380702657195058
0.009990785586086818257
0.009856398329107351336
 0.01000000000000000021
 0.01000000000000000021
 0.01000000000000000021
 0.01000000000000000021
0.009999434743417993585
 0.01000000000000000021
 0.01000000000000000021
0.009999987756134589081
0.009999546476513012858
 0.01000000000000000021
 0.01000000000000000021
 0.01000000000000000021
0.009999782415002182387
 0.01000000000000000021
 0.01000000000000000021
 0.01000000000000000021
0.009860746058656727139
0.009523971962473032696
 0.01000000000000000021
 0.01000000000000000021
 0.00996639719951541124
0.009929008474751012392
0.009999996025328760502
0.009999999999999998473
 0.01000000000000000194
 0.01000000000000000194
 0.00960126267310291992
0.009725678600415949351
0.009999999999999972453
 0.01000000000000000194
0.009993246194912553879
0.009901879505339310911
0.009979015445318803468
0.009999999999999838879
0.009999999998056965933
0.009999504447560734338
0.009999999999930864539
  0.0099994088238716302
0.009999999999998112829
 0.01000000000000000021
 0.01000000000000000021
 0.01000000000000000021
 0.00999662683827705692
 0.01000000000000000021
0.009999999999674850579
 0.01000000000000000021
0.009999982273686126855
0.009999999999999998473
0.009999999999999998473
0.009999923762853541592
0.009692229686353871429
0.008441959740142678664
0.009996896854142020908
0.009999745092424957432
0.009921465649787176294
0.009595052036476928864
0.009999999999998669675
0.009999993396113683944
 0.01000000000000000021
0.009229369403161836669
0.009999999999999998473
 0.01000000000000000021
0.009999999999910254289
 0.01000000000000000021
 0.01000000000000000368
0.009999999999999795511
0.009999999856897095682
0.009999472700845914858
0.009954497733470967641
0.008766330895257138517
 0.01000000000000000021
0.009999999999997897723
0.009999944327728464352
0.009999999999656727923
 0.01000000000000000194
0.009998523024156373562
 0.01000000000000000021
0.009909602603366084519
 0.00999999999999716567
 0.01000000000000000194
0.009689895095727390009
0.009981530091779364233
0.009999999999671216333
0.009999999985739103925
0.009384623101760905181
0.009690632714243084186
0.009999999999999996739
0.009985588759011794491
 0.01000000000000000021
0.009991610859174439654
0.009999996711750966036
0.009999823330460509349
 0.00999998972478206502
0.009999906186203926656
0.009998206975232579521
0.009931864079605272344
 0.01000000000000000021
0.009999956034421912318
0.009999999999999993269
0.009999999999996161265
0.009997322871061533126
 0.01000000000000000021
 0.01000000000000000194
0.008554296614403397378
0.009999999996877466726
0.009992789727446283951
 0.01000000000000000021
0.009999999999999998473
 0.01000000000000000368
0.009592367663167889608
 0.01000000000000000194
 0.01000000000000000021
0.009999999970553037978
0.009278017069889029841
0.009999999999999998473
    0.00999999999999974
 0.01000000000000000021
0.009999999983823526853
 0.01000000000000000021
0.009998712482830310333
0.009999999999999998473
 0.01000000000000000021
 0.01000000000000000194
0.009999999910463294034
 0.01000000000000000021
0.009953415894848747364
0.009999999999999197031
 0.01000000000000000021
0.009999999999999998473
0.009693343918073448959
0.008716573848497746052
0.009999996384103119682
0.009298832605776784568
0.009991694360782408038
0.009970216038419915314
0.009999999999999998473
0.009999999999999998473
0.009987206708193592519
0.009999999999999998473
0.009999999999995731054
 0.01000000000000000021
 0.00999999999283670768
0.009968130967795051089
 0.00999997894489411919
0.009999999319178710239
 0.01000000000000000021
0.009594535760498394683
 0.01000000000000000021
0.009999999974742114148
0.009956559151564502511
 0.00786939663054166301
0.009999994641358840933
 0.01000000000000000021
0.007225527308454693896
0.009999999999996334737
0.009997272206552214324
0.009999999999999998473
0.009990073184478325333
0.009999999999999998473
 0.00999921111513968168
0.009999904036056210532
0.009999999999916195717
0.009999665076550324702
0.009924125731590948199
 0.01000000000000000021
0.009999853154822463397
0.009999979334312887255
 0.01000000000000000021
 0.00952271322548054952
 0.00995882240610018038
 0.01000000000000000021
0.009667021125993244951
 0.01000000000000000021
  0.0099990716200450587
 0.01000000000000000194
0.009999999999999904798
0.009981703224838767152
0.009997977733915190679
 0.00998593663944590329
0.009960592313348020158
0.009999999989298997624
0.008992024715717824787
0.009999999999919489957
0.009999884953117125705
0.009999996173393683671
 0.00845438468614358174
0.009999999999999724387
0.009993791926768745212
0.009999999999999998473
0.009326819747736530761
 0.01000000000000000021
 0.01000000000000000021
0.009999999999909917753
0.009887571633241427557
0.009999999999991730781
0.009993469327313186587
0.009998264265656394215
 0.00759083910365765651
0.009999999776416688621
0.009987701595957815953
0.009999999999999998473
 0.01000000000000000021
0.009999999093185475696
 0.01000000000000000194
0.009999842729088558729
0.009546357063342078217
0.009999999999880618273
0.009999999999999998473
 0.00998041796988058047
 0.01000000000000000021
0.009999999999999996739
 0.01000000000000000021
 0.01000000000000000021
 0.00999848838595404979
0.007397442569218460294
0.009995959447265754388
0.009636581837518301205
0.009533046594155530212
0.009564341465967456102
 0.00999915332451342849
0.009999940437628234563
0.009999999999999998473
0.008968671923704247748
0.009999999999999998473
 0.01000000000000000021
0.009999975693393135801
 0.01000000000000000021
0.009999999834151670347
0.009974841127160899781
0.009989121400964671299
0.009988422875725485456
0.009558940646885220882
0.009999999999999995004
0.009999999122472340296
0.009856610199500836014
 0.00999999999910180376
 0.01000000000000000021
0.009992212118023707443
 0.01000000000000000194
 0.00999912229804509993
0.009999999999997699965
0.009998175797233581005
 0.01000000000000000021
 0.00999999310496955604
0.009666548742622529944
 0.01000000000000000021
 0.01000000000000000021
0.009849004623550003043
0.009999999985105536074
 0.01000000000000000021
0.009532848439210286212
 0.01000000000000000021
0.009999997963051216951
 0.00999999999831130415
0.009999997679699629965
  0.0098896080841306723
0.003813998045423838169
0.009576800080040203528
 0.01000000000000000021
0.009928187493191634877
0.009999999999999899594
 0.01000000000000000021
0.009999999999970097045
0.009996218261983595699
 0.01000000000000000021
0.009999999999999998473
 0.01000000000000000021
 0.01000000000000000021
0.009999999999999998473
0.009415278496946746789
0.009651404977910523972
0.009999999955862384771
0.009999936190775958467
 0.01000000000000000021
 0.01000000000000000021
0.009999999999993913063
0.009999963366668727233
 0.01000000000000000021
0.008647666891948816922
0.009999999233339346844
0.009840798113390532634
0.009997523551751846815
 0.01000000000000000194
0.009999999999999727857
0.009928064119663132167
0.009586637373688431177
0.009999999990053829585
0.009999999999999998473
 0.01000000000000000021
0.009999718303022434723
0.009983313372753587281
 0.01000000000000000021
 0.01000000000000000021
 0.01000000000000000021
0.009996341593443845014
 0.00999999924376838295
 0.00999603865056157212
 0.01000000000000000021
0.009770670019111254642
0.008508739835409550104
 0.01000000000000000194
0.009999999998494529113
0.009633615471421597826
0.009970019851801183511
0.009999999999977126144
 0.01000000000000000021
0.009999999973650379806
0.009860256511665242696
0.009713437834014753205
 0.01000000000000000021
 0.01000000000000000021
0.009999986265191506546
0.009999999999875972684
 0.00999999999981787506
0.009934295663364615947
 0.01000000000000000021
0.009999999999999998473
0.009876385497883917799
 0.01000000000000000021
 0.01000000000000000021
0.009999938600200630398
0.003603082345311091859
 0.01000000000000000194
0.009620790051696108056
0.009633041069266988152
 0.01000000000000000021
0.009706244050115603664
 0.01000000000000000021
 0.01000000000000000021
0.009820938204709073888
0.009358045171862896042
0.009992225855907461637
0.009999999999999998473
0.009999999999999998473
 0.01000000000000000021
 0.01000000000000000021
0.009999999999364385384
0.009999029486397064542
0.009999999706082356513
0.009999999800778180611
 0.01000000000000000021
0.009468793016613451588
0.009998829962040900812
0.009999996226328064508
0.009905079778500098381
 0.01000000000000000021
0.009999984216821406272
0.009999998862316041015
0.009999867587127264298
0.009999999999994294703
 0.01000000000000000021
0.009999999149414981123
0.009703626169214241495
0.009072187924413959229
 0.01000000000000000021
0.004570618805710109124
 0.01000000000000000021
0.009999999999999998473
0.009999999999999998473
0.009763640472619003474
0.009998743389626894157
 0.01000000000000000021
0.009999999990495462426
0.009999977013702103859
0.009999999843989290649
0.009999875785725120467
0.009999985344924910979
 0.00853079616917289292
0.009999999999999988065
 0.01000000000000000021
0.009755414955468586641
 0.00999999953678515352
0.009999999999601180342
 0.01000000000000000021
 0.00999999999998502781
0.009780890730885078571
 0.00723004704985991814
 0.01000000000000000021
0.009578536426836353063
 0.01000000000000000021
0.009965829600550122486
0.009999286609238761461
0.009999999999999882247
0.009809359490571385731
0.009747832932619869897
0.009887083469748522702
 0.00999802599998899158
0.009999999468229783806
0.009630151423429144167
0.009999999994168107947
0.009999999996894069765
0.009999999959625563775
 0.01000000000000000021
0.009999999375024673509
0.009999999999999970718
 0.01000000000000000194
 0.00975569207518718097
0.009690438998505921178
0.009999999999862530312
0.009999999999993383973
 0.00999999997525591669
 0.00999999999895215784
0.009521036890978428271
0.009999178741035050222
0.009999711720951666091
 0.01000000000000000021
0.009858281874646337983
0.009033861359860747772
 0.00493631706648719245
 0.01000000000000000021
0.009515045136294459846
0.009991174354847063427
 0.01000000000000000021
0.008781777057406270001
0.009999999999492923189
0.009999999999999620304
0.009999999999999870104
 0.00999734458562117137
0.009994166024966600476
0.009999943276385201904
0.009999701693597628713
0.009992306109722010402
0.009388610490230821573
0.009999999357767051095
 0.01000000000000000021
0.009991715739803926424
0.009999999996429561125
0.009972330370441120223
 0.01000000000000000194
0.009999999999999996739
0.006554216888619084427
 0.01000000000000000021
0.009999999999997849151
0.009999752904785533594
0.009836530348026499559
 0.01000000000000000194
0.009935741855242737411
0.009999999896080016479
 0.01000000000000000021
 0.01000000000000000021
 0.01000000000000000194
0.009999999999999998473
 0.01000000000000000021
0.009999428700881673321
0.009999999999998929884
0.009999999999999998473
 0.01000000000000000021
 0.00999999052873678726
 0.01000000000000000021
 0.00974084849181513536
0.009864722428960108133
 0.01000000000000000021
0.003492637681132258493
 0.01000000000000000021
0.009999999999999998473
 0.01000000000000000194
 0.01000000000000000021
0.009999076796616632873
0.009999990194647432121
0.009882232983632973158
0.009999999999999205705
 0.01000000000000000021
0.009895371878546520283
0.009998685321956983854
0.009999999968887073737
 0.01000000000000000021
 0.01000000000000000021
0.009993187462471851343
 0.01000000000000000021
 0.01000000000000000194
0.009852522539531704746
0.009999999999999998473
0.009933426496812121365
0.009999921348723314271
0.009999999999999998473
0.009976235251449420277
0.009621212163409454884
0.009098173717064015134
0.009879019572639044858
0.009713329972550102664
0.009960375281263166014
0.009999999999999792041
0.009615339552291747582
 0.01000000000000000021
0.009999999837591514243
 0.01000000000000000021
 0.01000000000000000194
 0.01000000000000000194
 0.01000000000000000021
 0.01000000000000000194
0.009999999999997732925
0.009999999999999998473
