0.009957929708190737736
 0.01000000000000000021
0.009999999991654484957
 0.01000000000000000021
 0.01000000000000000021
0.009998461445157513436
 0.01000000000000000021
0.009329933346849990025
0.009996050917210329637
0.009791876543137656083
 0.01000000000000000021
 0.01000000000000000021
 0.01000000000000000021
 0.01000000000000000021
0.009999187574282007024
 0.01000000000000000021
0.009999999999999998473
0.009999978068120363162
0.009999141746898245961
 0.01000000000000000021
 0.01000000000000000021
 0.01000000000000000021
0.009999675618606252564
 0.01000000000000000021
 0.01000000000000000021
 0.01000000000000000021
0.009842818539770188321
0.007726426307477326366
 0.01000000000000000021
 0.01000000000000000021
0.009930304898299583197
 0.00994934430857497519
0.009999993074531494247
0.009999999999999998473
 0.01000000000000000021
 0.01000000000000000194
0.009814509703707471541
0.007868210962375192172
0.009999999999999949901
 0.01000000000000000194
0.009988257628860814502
0.009625392076697892804
0.009953256785724394137
0.009999999999999705305
0.009999999996432890059
0.009999056289995473037
0.009999999999875537268
0.009998947515991637655
0.009999999999996563721
 0.01000000000000000021
 0.01000000000000000021
 0.01000000000000000021
 0.00999894124624367206
 0.01000000000000000021
0.009999999999419863575
 0.01000000000000000021
0.009999971038049870406
 0.01000000000000000021
0.009999999999999998473
0.009999879407394307237
0.009624404133212307103
0.008162933336059000761
0.009994438462495763495
 0.00999961754862312667
0.009880144088499128591
0.007983730529477489277
0.009999999999997642719
0.009999988821915807569
 0.01000000000000000021
0.009783185881872047407
0.009999999999999998473
 0.01000000000000000021
0.009999999999839404713
 0.01000000000000000021
 0.01000000000000000194
0.009999999999999627243
 0.00999999972936128044
0.009999037592730653304
0.009799798218066294378
 0.00755193832708692895
 0.01000000000000000021
0.009999999999996289635
0.009999900489539520834
 0.00999999999937955554
 0.01000000000000000021
0.009997237553399918736
 0.01000000000000000021
0.009844750586545237062
0.009999999999994827263
 0.01000000000000000194
0.008900515820010387186
0.009982031674094719864
0.009999999999399969766
0.009999999975059542523
0.009037548507883637339
0.009451210950314255926
0.009999999999999991535
 0.00996936268763212903
 0.01000000000000000021
0.009980755058939555502
0.009999993908178558821
0.009999627317951663777
0.009999982538976048829
0.009999904886997862744
 0.00999764507717358121
0.009972079823275017615
 0.01000000000000000021
0.009999924637797785384
0.009999999999999988065
 0.00999999999999314805
0.009992329000943413198
 0.01000000000000000021
 0.01000000000000000194
0.008440967304191512866
0.009999999994485312543
0.009989798293839309909
 0.01000000000000000021
0.009999999999999998473
 0.01000000000000000021
0.007367445977473282247
 0.01000000000000000021
 0.01000000000000000021
0.009999999947024299993
0.009434766139753728367
0.009999999999999998473
0.009999999999999531833
 0.01000000000000000021
0.009999999970632647908
 0.01000000000000000021
0.009998191761185295373
 0.01000000000000000021
0.009999999999999998473
 0.01000000000000000194
0.009999999856729250777
 0.01000000000000000021
0.009808020493397172704
0.009999999999998549979
 0.01000000000000000021
0.009999999999999998473
0.008868345769185515329
0.009505017540345566188
0.009999993915494546914
0.007912068712089383518
0.009984932431475723388
0.009987164276654820344
0.009999999999999998473
0.009999999999999998473
0.009971199743942778942
 0.01000000000000000021
0.009999999999992247729
 0.01000000000000000021
0.009999999986853016706
0.009982224518119225953
0.009999962320207184813
0.009999998771648942186
 0.01000000000000000021
0.004394328315977536099
 0.01000000000000000021
0.009999999953423481525
0.009970331662814609433
0.008475014739777587611
0.009999989856206176198
 0.01000000000000000021
0.009149356339748299788
0.009999999999993307645
0.009996508743489200197
0.009999999999999995004
0.009997012338416681396
0.009999999999999998473
0.009998790562636925353
0.009999848726893143316
0.009999999999850867766
0.009999813241447781664
0.008769787756318809038
 0.01000000000000000021
0.009999719780218527601
0.009999962948248036776
 0.01000000000000000021
0.007059433893742542154
0.009947715641147408805
 0.01000000000000000021
0.007896684739995487798
 0.01000000000000000021
0.009998673339306481805
 0.01000000000000000194
0.009999999999999828471
0.009956845076076215398
0.009997929744052879222
0.009982975326122625268
0.009978233503337449392
0.009999999980735262833
0.008820397235252616652
0.009999999999855124777
0.009999747880245268838
 0.00999999304744575955
0.008984225246191133649
0.009999999999999502343
0.009992063353126795847
 0.01000000000000000021
0.008670366899806970784
 0.01000000000000000021
 0.01000000000000000021
0.009999999999832680925
0.009828039993188342552
0.009999999999984953217
 0.00999505729794003539
0.009996484117997915184
0.008956657989117450952
0.009999999581219215852
0.009990606064775267581
0.009999999999999998473
 0.01000000000000000021
0.009999998493789657994
 0.01000000000000000021
0.009999790309479165973
0.009017435645666054336
0.009999999999785836452
 0.01000000000000000021
0.009954187283100187147
 0.01000000000000000021
0.009999999999999998473
 0.01000000000000000021
 0.01000000000000000021
0.009997253089330757417
0.007174007333874075562
0.009996634494388628028
0.007785717559256158903
0.008147577843068104508
 0.00970313451424390308
0.009998113073786901381
0.009999898015280112365
0.009999999999999998473
 0.00961590473128283614
0.009999999999999998473
 0.01000000000000000021
0.009999964762266680407
 0.01000000000000000021
0.009999999715877621806
 0.00995877201050546744
0.009982905979383211933
0.009981823901934866114
0.004528211903510470301
0.009999999999999991535
0.009999998402857073615
0.009896209122582875703
0.009999999998376741389
 0.01000000000000000021
0.009988667619308451429
 0.01000000000000000021
0.009998368820598017154
0.009999999999995836872
0.009998990647407371771
 0.01000000000000000021
0.009999987126257416092
0.009622968877388376335
 0.01000000000000000021
 0.01000000000000000021
0.007644493045048864413
0.009999999974366782438
 0.01000000000000000021
0.009864544622046885619
 0.01000000000000000021
0.009999996687165842169
0.009999999996962036231
0.009999995995519149125
0.009895117409326362884
0.007803495179740743692
0.009643311147080110141
 0.01000000000000000021
0.009955893050267635921
0.009999999999999821532
 0.01000000000000000021
0.009999999999947228185
0.009991642312884364482
 0.01000000000000000021
0.009999999999999998473
 0.01000000000000000021
 0.01000000000000000021
0.009999999999999998473
0.008943997208295672782
0.009337414523439583822
0.009999999917977980823
0.009999885938213699463
 0.01000000000000000021
 0.01000000000000000021
0.009999999999989217167
0.009999932285753796932
 0.01000000000000000021
0.007838718746465909645
0.009999998895968803883
0.009545527330720761372
0.009995776765189218899
 0.01000000000000000021
0.009999999999999502343
0.009945273127588364487
0.007617294536280741317
0.009999999984334501796
 0.01000000000000000021
 0.01000000000000000194
0.009999510479149823633
0.009976150524493136024
 0.01000000000000000021
 0.01000000000000000021
 0.01000000000000000021
0.009997111949485555649
0.009999998691769561299
0.009992487769276024376
 0.01000000000000000021
0.009650880618265252064
0.009423401500127721875
 0.01000000000000000194
0.009999999997253752534
0.009773620248743196404
0.009891058437133656844
  0.0099999999999581448
 0.01000000000000000021
 0.00999999995603368004
0.009702929021882808827
0.009322997344190746619
 0.01000000000000000021
 0.01000000000000000021
 0.00999997493769157024
0.009999999999780394624
0.009999999999668942111
 0.00990137311051955335
 0.01000000000000000021
0.009999999999999995004
0.009859557913157759174
 0.01000000000000000194
0.009999999999999998473
0.009999877743685671103
0.007041577102392553023
 0.01000000000000000021
0.007423977228791255913
0.009829170115567822594
 0.01000000000000000021
0.009342837715148237174
 0.01000000000000000021
 0.01000000000000000021
0.009624445988816700964
0.007396431442570248864
0.009987138151079859999
0.009999999999999998473
0.009999999999999998473
 0.01000000000000000021
 0.01000000000000000021
0.009999999998868802642
0.009998604344830287066
0.009999999445457194436
0.009999999673257816551
 0.01000000000000000021
0.009746656242559791072
0.009997537286240710738
0.009999993184815886976
0.009799650113613793748
 0.01000000000000000194
0.009999971056310083192
0.009999998052219466124
0.009999849037267517088
0.009999999999989583194
 0.01000000000000000021
0.009999998563537663976
0.009453759006369830825
0.007887876274404572244
 0.01000000000000000021
0.006792943369073240791
 0.01000000000000000021
 0.01000000000000000021
0.009999999999999998473
0.009626264563021872875
0.009998380457472026694
 0.01000000000000000021
0.009999999982780153132
0.009999952020517042378
0.009999999708408662327
 0.00999984383555797135
0.009999972873118384217
0.009608543529058615265
0.009999999999999979391
 0.01000000000000000021
0.009564322952169218572
0.009999999192125562722
0.009999999999277090629
 0.01000000000000000021
0.009999999999972867398
0.009015117094341794368
0.008824054856467873631
 0.01000000000000000021
0.008581752382291018069
 0.01000000000000000021
  0.0098903016124645797
 0.00999893139742595409
0.009999999999999781633
0.009872003318107527153
0.009487874143496333179
0.009905039962869848988
0.009994760463216498247
 0.00999999904134572272
0.007513514793889912793
0.009999999989105537793
0.009999999994377619175
0.009999999928501005983
 0.01000000000000000021
 0.00999999885559624789
0.009999999999999944697
 0.01000000000000000194
0.008966979778530110093
0.008708815666125359692
0.009999999999750744731
0.009999999999988304702
0.009999999956504308785
0.009999999998141467783
0.007456302722557497931
0.009998686326627842513
 0.00999957575216699375
 0.01000000000000000021
0.009849468137697872314
0.007942570651952685773
0.006712680583158790737
 0.01000000000000000021
0.008701101208889507402
0.009988247208805055288
 0.01000000000000000021
0.008668053538473606198
0.009999999999072500811
0.009999999999999330605
0.009999999999999762551
0.009996894791827096172
0.009996287481765214061
0.009999909022207592937
0.009999571098672390204
0.009991125294858071992
0.009729901308685392353
0.009999998784216718867
 0.01000000000000000021
 0.00999371590093425799
0.009999999993654617655
 0.00995260481776437389
 0.01000000000000000021
0.009999999999999998473
0.009535252791583835943
 0.01000000000000000021
0.009999999999996187286
0.009999495817012003795
0.008964308945560196806
 0.01000000000000000194
0.009933959763153539513
0.009999999805605893494
 0.01000000000000000021
 0.01000000000000000021
 0.01000000000000000194
 0.01000000000000000021
 0.01000000000000000021
0.009998991436056621843
0.009999999999998095482
0.009999999999999998473
 0.01000000000000000021
0.009999982294797201549
 0.01000000000000000021
0.008164552386137006318
0.009839451431358850475
 0.01000000000000000021
0.005100389573320897145
 0.01000000000000000021
0.009999999999999998473
 0.01000000000000000021
 0.01000000000000000021
0.009998349183457591258
 0.00999998376850521481
0.009765394067781091661
0.009999999999998584674
 0.01000000000000000021
0.009776827001656510086
0.009997642455266885983
0.009999999944038821809
 0.01000000000000000021
 0.01000000000000000021
0.009992330231552918121
 0.01000000000000000021
 0.01000000000000000021
0.009721645005943226059
 0.01000000000000000021
0.009688762986516524789
0.009999876126918284466
0.009999999999999998473
0.009947724174369114436
0.009881429974857053322
0.007948232480083557497
0.009844925147633526094
0.008718291964012957543
0.009915202753677581846
0.009999999999999625508
0.009575190261497371416
0.009999999999999998473
0.009999999716199218722
 0.01000000000000000021
 0.01000000000000000021
 0.01000000000000000194
 0.01000000000000000021
 0.01000000000000000194
0.009999999999996109223
0.009999999999999998473
