0.009947568170774363783
 0.01000000000000000021
0.009999999989561947009
 0.01000000000000000021
 0.01000000000000000021
0.009997437214931403915
 0.01000000000000000021
 0.00956431047721172968
0.009995620521407287337
0.009789885022942519319
 0.01000000000000000021
 0.01000000000000000021
 0.01000000000000000021
 0.01000000000000000021
0.009998860944720871016
 0.01000000000000000021
0.009999999999999998473
0.009999971883335768974
0.009999029034310134151
 0.01000000000000000021
 0.01000000000000000021
 0.01000000000000000021
0.009999611114747163423
 0.01000000000000000021
 0.01000000000000000194
0.009999999999999998473
0.009720985458338014806
0.008336858970567373808
 0.01000000000000000021
 0.01000000000000000021
0.009921186615376062848
0.009934688230747971624
0.009999991188626631416
0.009999999999999998473
 0.01000000000000000021
 0.01000000000000000021
0.009726887296002238378
0.007594583755896546114
0.009999999999999937758
 0.01000000000000000021
0.009980263056916693215
 0.00968097789465946143
0.009942517373243146134
0.009999999999999630712
0.009999999995538529085
0.009998802437590053813
0.009999999999843035489
0.009998587598149791603
0.009999999999995679012
 0.01000000000000000021
 0.01000000000000000021
 0.01000000000000000021
0.009998728892855444222
 0.01000000000000000021
0.009999999999268106496
 0.01000000000000000021
0.009999961839039913855
0.009999999999999998473
 0.01000000000000000021
0.009999836255143472116
0.009628315305622489259
 0.00827441118921888423
0.009992388091812956161
0.009999509773324385606
 0.00976400007950895335
0.009772759579658726187
0.009999999999997021688
0.009999985716569995478
 0.01000000000000000021
0.008875129009177990663
0.009999999999999998473
 0.01000000000000000194
0.009999999999797599612
0.009999999999999998473
 0.01000000000000000368
0.009999999999999533568
0.009999999663324885338
0.009998743427120307045
0.009740236878063864012
 0.00825224442362722764
 0.01000000000000000021
0.009999999999995309516
0.009999877767649593963
0.009999999999219171681
 0.01000000000000000194
0.009996673521297195705
 0.01000000000000000021
0.009837180095467436963
0.009999999999993512342
 0.01000000000000000194
0.009035682395562006503
  0.0099755330090631842
 0.00999999999924753441
0.009999999968386789895
0.008475506062696881379
0.009452666130676055239
0.009999999999999991535
0.009971631519618287531
 0.01000000000000000021
0.009983106791551898951
0.009999992360734136221
0.009999559603803762076
0.009999977236340521977
0.009999870958565000925
0.009997031657051779277
0.009964771549097991774
 0.01000000000000000194
0.009999913516950332398
0.009999999999999984596
0.009999999999991359551
0.009992416593231901595
 0.01000000000000000021
 0.01000000000000000194
0.008006749720827939509
0.009999999993014594898
0.009980356686425570154
 0.01000000000000000021
0.009999999999999998473
 0.01000000000000000194
0.009009065663315172015
 0.01000000000000000021
0.009999999999999998473
0.009999999933136176702
0.009276090971219296683
0.009999999999999998473
0.009999999999999410402
 0.01000000000000000021
 0.00999999996354347491
 0.01000000000000000021
0.009997922958311639477
 0.01000000000000000021
 0.01000000000000000021
 0.01000000000000000021
0.009999999815624145347
 0.01000000000000000021
0.009782552514426707743
0.009999999999998173544
 0.01000000000000000194
 0.01000000000000000021
 0.00771474837799895289
0.009242401271411689045
0.009999992286616084247
0.007929457250782923072
0.009976397504019183723
0.009986725099106292733
0.009999999999999998473
0.009999999999999998473
0.009972471684925944199
0.009999999999999998473
 0.00999999999999026494
 0.01000000000000000021
0.009999999983554663796
0.009981682272457735594
0.009999951513365603478
0.009999998462637521568
 0.01000000000000000021
0.009561632109323378939
 0.01000000000000000021
0.009999999942255160049
0.009969722393362617091
0.007949586520809655624
0.009999987353735455969
 0.01000000000000000021
0.007688009425421390812
0.009999999999991609351
0.009995333462381360973
0.009999999999999991535
0.009997062253264969028
0.009999999999999998473
0.009998479241169054565
0.009999803637381350641
0.009999999999811949244
 0.00999975438196109602
0.008849284432731623767
0.009999999999999998473
0.009999656685147439647
0.009999953670356147989
 0.01000000000000000021
0.009105660689180934339
0.009932436361198565197
 0.01000000000000000021
0.008011409346913288612
 0.01000000000000000194
0.009998749510826542009
 0.01000000000000000194
0.009999999999999785102
0.009948658278313425238
0.009998422734995241618
0.009965908468744255969
0.009965657972432378706
0.009999999975820909187
0.006688936543079809782
0.009999999999817222804
0.009999704631251205705
0.009999991341824103486
0.008730549656863571123
0.009999999999999372238
0.009993013584741767402
0.009999999999999998473
0.009208084059559201381
 0.01000000000000000021
 0.01000000000000000021
0.009999999999791215829
0.009833784208255645296
0.009999999999981102131
0.009992716667212644954
0.009995787401079488099
0.009160196975959650559
 0.00999999947966956175
0.009992554548248783891
 0.01000000000000000021
 0.01000000000000000021
0.009999998068904432033
 0.01000000000000000021
0.009999724883796740418
 0.00858837102961281483
0.009999999999730104991
 0.01000000000000000021
0.009948075043712043333
 0.01000000000000000194
0.009999999999999998473
 0.01000000000000000021
 0.01000000000000000021
0.009996310870415152719
0.008599791092132972117
0.009995557004621942118
0.007259326503834967644
0.007836482575625150493
0.009833166399569199731
0.009998149539359490676
 0.00999987331797006114
 0.01000000000000000021
 0.00965412464954812366
0.009999999999999998473
0.009999999999999998473
0.009999954075760654829
 0.01000000000000000021
0.009999999638313293582
0.009961055730564744026
0.009980808323350128658
0.009980784372275329844
0.009123159617784011924
0.009999999999999988065
 0.00999999798630290572
0.009788995423956108055
0.009999999997955116848
 0.01000000000000000021
0.009987873789581854303
 0.01000000000000000021
0.009998271378848309909
0.009999999999994766547
0.009999087776319654647
 0.01000000000000000021
0.009999983718251686041
0.009611452185739086801
 0.01000000000000000021
 0.01000000000000000021
0.008876013174137172002
0.009999999967444135954
 0.01000000000000000021
0.009756686829641567776
 0.01000000000000000021
0.009999995727887348723
0.009999999996166469493
0.009999994916235516174
0.009706095364813125542
0.005579715542110720745
0.009691985778827473183
 0.01000000000000000021
0.009955468882654045643
0.009999999999999774694
 0.01000000000000000021
0.009999999999933254988
0.009988828705499710678
 0.01000000000000000021
0.009999999999999998473
 0.01000000000000000021
 0.01000000000000000021
0.009999999999999996739
0.007707993836005407051
0.009336344837607946437
0.009999999897701774762
0.009999852990526147262
 0.01000000000000000021
 0.01000000000000000021
 0.00999999999998637569
0.009999915975600466578
 0.01000000000000000021
 0.00744237542389550831
0.009999998567811326997
0.009766492671818779309
0.009995898432147785895
 0.01000000000000000194
0.009999999999999373973
0.009937339899261484616
0.009198986378200307151
0.009999999979785506934
0.009999999999999998473
 0.01000000000000000194
0.009999352765783011202
  0.0099659556544164727
0.009999999999999998473
 0.01000000000000000021
 0.01000000000000000021
0.009996269567729781924
  0.0099999983410005433
0.009992587032156800483
 0.01000000000000000021
0.009828960940699887211
0.009347048903854172225
 0.01000000000000000021
0.009999999996553403034
0.009861399322059151776
0.009899675589549628008
0.009999999999947526558
 0.01000000000000000194
0.009999999943816914247
0.009572082750881685809
 0.00895866753731123025
 0.01000000000000000021
 0.01000000000000000194
0.009999968706291297721
0.009999999999722473942
0.009999999999584122806
0.009897247533943697925
 0.01000000000000000021
0.009999999999999995004
0.009540019043491941228
 0.01000000000000000021
0.009999999999999998473
0.009999850896909140072
0.005899567295893936615
 0.01000000000000000021
0.005994988377353563901
0.009128419380858029605
 0.01000000000000000021
0.009566250543504748252
 0.01000000000000000021
 0.01000000000000000021
0.009777107483231286741
0.006912652657537137618
0.009988563572110604333
0.009999999999999998473
 0.01000000000000000021
 0.01000000000000000021
 0.01000000000000000194
0.009999999998569004261
0.009998161164697167563
0.009999999300082022466
0.009999999581212264815
 0.01000000000000000021
0.009628862293735593325
0.009997846295954241486
0.009999991364412631756
0.009772124342022271704
 0.01000000000000000021
0.009999964084107292386
0.009999997520116613026
0.009999797786308183001
0.009999999999986939475
 0.01000000000000000021
0.009999998179299156645
0.009615786766065269678
0.008155304828023686448
0.009999999999999998473
0.005767132587116632556
 0.01000000000000000021
0.009999999999999998473
0.009999999999999998473
0.009420875306282237849
0.009997246502146223471
 0.01000000000000000021
0.009999999978379491006
0.009999944123080578909
0.009999999636793703572
0.009999792614388569936
0.009999965694290405965
0.009245701447584814964
0.009999999999999972453
 0.01000000000000000021
0.009386914381771657365
0.009999998970531713549
0.009999999999092446662
 0.01000000000000000021
0.009999999999965921565
0.009417620844099493238
0.009612126338098044703
 0.01000000000000000021
0.009502200598518429839
 0.01000000000000000021
0.009910401612702342961
0.009998668735860831089
0.009999999999999726122
0.009529298012416694691
0.009132171069293329446
0.009862868179292185594
0.009994357175320867787
0.009999998783420544976
0.008596084367627055897
0.009999999986427804757
0.009999999992953563857
0.009999999910019069516
 0.01000000000000000021
0.009999998570933928133
0.009999999999999930819
 0.01000000000000000021
0.009686780947722923446
0.007910852939454900493
0.009999999999687118543
0.009999999999985222099
0.009999999945177889815
0.009999999997652430153
0.009129671941121847781
0.009998359169324897919
 0.00999946101566500864
 0.01000000000000000021
0.009819920016009517708
0.008277999582873481546
0.006544480758591083268
 0.01000000000000000021
 0.00985755473588603888
0.009981736323055339158
 0.01000000000000000021
0.009473891462917721426
0.009999999998836694645
0.009999999999999151928
 0.00999999999999970357
0.009995729139608203542
0.009995525106318538938
0.009999882352672189931
0.009999434980366856893
0.009989544407548688748
0.008051554742180477495
0.009999998487997848254
 0.01000000000000000021
0.009992846524406602884
0.009999999991969295635
0.009936940727104857235
 0.01000000000000000194
0.009999999999999998473
 0.00847979397799421622
 0.01000000000000000021
0.009999999999995182881
0.009999389842222957195
0.009489300061909938105
 0.01000000000000000194
0.009910699606264634226
0.009999999757919517812
 0.01000000000000000021
 0.01000000000000000021
 0.01000000000000000194
0.009999999999999998473
 0.01000000000000000021
0.009998781726125663058
0.009999999999997599351
0.009999999999999998473
 0.01000000000000000194
0.009999977977149687725
 0.01000000000000000021
0.008106941886450653653
0.009830823290409140131
 0.01000000000000000021
0.005702616475575179693
 0.01000000000000000194
 0.01000000000000000021
 0.01000000000000000021
 0.01000000000000000021
0.009998104406256837912
0.009999979173277698599
0.009701682509031498911
0.009999999999998211708
 0.01000000000000000021
 0.00967531312278693649
0.009997255655713035982
0.009999999929362748952
 0.01000000000000000021
 0.01000000000000000194
0.009989615991163070322
 0.01000000000000000194
 0.01000000000000000194
0.009821117688399480516
 0.01000000000000000021
0.009683562788314378778
0.009999839107023124687
 0.01000000000000000021
0.009962376093438529701
0.009566141606949529058
0.007675915506582147926
0.009885038998138775262
0.009404128268727740894
0.009936782696547458507
0.009999999999999530098
0.009723722250004349435
0.009999999999999998473
0.009999999640191837777
 0.01000000000000000021
 0.01000000000000000021
 0.01000000000000000194
 0.01000000000000000021
 0.01000000000000000021
0.009999999999995057981
0.009999999999999998473
