0.009955429533012819659
 0.01000000000000000021
0.009999999993616373942
 0.01000000000000000021
 0.01000000000000000021
0.009998930929474540361
 0.01000000000000000021
0.009744431273665253232
0.009996322432881794839
 0.00960752752689713295
 0.01000000000000000021
 0.01000000000000000021
 0.01000000000000000021
 0.01000000000000000021
0.009999401997622760219
 0.01000000000000000021
0.009999999999999998473
0.009999983445866755458
0.009999298540760167761
 0.01000000000000000021
 0.01000000000000000021
 0.01000000000000000021
0.009999738137078406988
 0.01000000000000000021
 0.01000000000000000021
0.009999999999999998473
0.009931262585851929198
0.007647141811762826757
 0.01000000000000000021
 0.01000000000000000021
0.009948800637398448957
0.009944233616393892763
0.009999994748431937849
0.009999999999999998473
 0.01000000000000000021
 0.01000000000000000194
0.009824417707809181277
 0.00817604195639535028
0.009999999999999962044
 0.01000000000000000194
0.009992859970008274861
0.009435378200843695315
 0.00995216101151482832
0.009999999999999774694
 0.00999999999727144151
0.009999277269937776116
0.009999999999905218387
0.009999236902597734289
0.009999999999997379041
 0.01000000000000000021
 0.01000000000000000021
 0.01000000000000000021
0.009999128346552331459
 0.01000000000000000194
0.009999999999558138383
 0.01000000000000000021
0.009999978351147274097
 0.01000000000000000021
0.009999999999999998473
0.009999911029540490062
0.008922408931028988008
0.009538214520909697042
0.009995792895821009258
0.009999705923446046418
0.009942436358815465863
0.009343080670161020562
0.009999999999998206504
0.009999991524106764673
 0.01000000000000000021
0.009800689363076098282
 0.01000000000000000021
 0.01000000000000000021
0.009999999999877617202
 0.01000000000000000021
 0.01000000000000000194
0.009999999999999717448
0.009999999792658507275
0.009999286047171472916
0.009795523204257092567
0.009511613322638223789
 0.01000000000000000021
0.009999999999997176078
0.009999922968382502289
0.009999999999527039996
 0.01000000000000000021
0.009997828492537884013
 0.01000000000000000021
0.009870885970630320291
0.009999999999996050243
 0.01000000000000000194
0.009233385650441672948
0.009986228057648219303
0.009999999999541748716
0.009999999981042610731
0.009749939513891895185
0.008192182003626631223
0.009999999999999995004
0.009970526055601102236
 0.01000000000000000021
0.009978889345773036407
0.009999995349089879637
 0.00999970756952680076
0.009999986887691219781
0.009999928735566964919
0.009998142128087163932
0.009975238759669555547
 0.01000000000000000021
0.009999939501185944532
0.009999999999999991535
0.009999999999994780425
0.009993666739778752153
 0.01000000000000000021
 0.01000000000000000194
0.009603680081729572618
0.009999999995807678371
0.009993214074313217302
0.009999999999999998473
0.009999999999999998473
 0.01000000000000000021
 0.00768872968431742309
 0.01000000000000000194
 0.01000000000000000021
0.009999999959676942815
 0.00877903257158855338
0.009999999999999998473
0.009999999999999642855
 0.01000000000000000021
0.009999999977432214027
 0.01000000000000000021
  0.0099984485837382054
 0.01000000000000000021
 0.01000000000000000021
 0.01000000000000000194
0.009999999891681987663
 0.01000000000000000021
0.009810568614833448456
0.009999999999998893455
 0.01000000000000000021
 0.01000000000000000021
0.009283713890474958388
0.009791298098252102997
0.009999995363508623614
0.007895604756339736144
0.009990240051049596032
0.009987983486107633938
0.009999999999999998473
0.009999999999999998473
0.009964409114965844597
 0.01000000000000000021
0.009999999999994081332
 0.01000000000000000021
0.009999999989944349452
0.009971890702533061854
0.009999971624047029189
0.009999999059585311378
 0.01000000000000000021
0.009745110644149339307
 0.01000000000000000021
0.009999999964200485814
0.009959484597883594414
0.007196757635482094705
0.009999992237583113855
 0.01000000000000000021
0.009136633772802450412
0.009999999999994887978
0.009997394541982222715
0.009999999999999996739
0.009996653597756042023
0.009999999999999998473
0.009999057334706533753
0.009999886154735845162
0.009999999999886361943
0.009999853737182302568
0.008464564268501995753
 0.01000000000000000021
0.009999782963362990537
0.009999971538641579116
 0.01000000000000000021
0.009287557990895494234
 0.00996563738724194452
 0.01000000000000000021
0.008498148451919188343
 0.01000000000000000021
0.009998721260241682715
 0.01000000000000000194
0.009999999999999868369
0.009960011894573671601
0.009997876482712083138
0.009990642310565912496
0.009981626296906338444
0.009999999985285546594
0.009207263370595603069
0.009999999999889697816
0.009999801718011654475
0.009999994659284984141
0.009395183033062286942
0.009999999999999622038
0.009993651641278555528
 0.01000000000000000021
0.009050870947762199373
 0.01000000000000000021
 0.01000000000000000021
0.009999999999871932513
0.009834133798680939204
0.009999999999988516339
0.009995841256637601896
0.009997247297488636927
0.008887973096499270781
0.009999999678751670187
0.009987732442029637753
0.009999999999999998473
 0.01000000000000000021
0.009999998860448862728
 0.01000000000000000021
0.009999841572752500574
0.009397657732415789708
 0.00999999999983682171
 0.01000000000000000021
0.009965104575581189283
 0.01000000000000000021
0.009999999999999998473
 0.01000000000000000021
 0.01000000000000000021
0.009997929831747801727
0.009236586941615929081
0.009997240845740785684
0.009619173470645283122
0.007453297715911695598
0.008731432376060608777
0.009998370863272263917
0.009999921380144089975
0.009999999999999998473
0.009534587149609108706
0.009999999999999998473
 0.01000000000000000021
0.009999973406143926324
 0.01000000000000000021
 0.00999999978440971847
0.009966624393725446659
0.009984717529799774088
0.009984137817752593638
0.009706488729723688688
0.009999999999999993269
0.009999998783552370082
0.006075125278478977521
 0.00999999999876320135
0.009999999999999998473
0.009990277019126071051
 0.01000000000000000194
0.009998612294229587347
0.009999999999996823929
0.009999036510876203529
 0.01000000000000000021
0.009999990212235240067
0.009308124703606193359
 0.01000000000000000021
 0.01000000000000000021
0.007172762227661964862
 0.00999999998052619396
 0.01000000000000000021
0.009896057022828995409
 0.01000000000000000021
0.009999997500779662582
0.009999999997687275544
0.009999996954119296302
 0.00994760025848600779
0.008561985206118618089
0.009558284230620264429
 0.01000000000000000021
0.009966493056102870493
0.009999999999999863165
 0.01000000000000000021
0.009999999999959851768
0.009993606117943931028
 0.01000000000000000021
0.009999999999999998473
 0.01000000000000000021
0.009999999999999998473
0.009999999999999998473
0.009522917554273544263
0.009233631749625659246
0.009999999937196329958
0.009999914160028112661
 0.01000000000000000021
 0.01000000000000000021
0.009999999999991793231
0.009999947832375571596
 0.01000000000000000021
0.007936245238840882593
 0.00999999916598819788
0.008363075116619095653
 0.00999633932596511246
 0.01000000000000000021
0.009999999999999618569
0.009941908193603184868
0.009451939966342044058
 0.00999999998816831874
 0.01000000000000000021
 0.01000000000000000021
 0.00999963317484811251
0.009981179364474493734
 0.01000000000000000021
 0.01000000000000000021
 0.01000000000000000021
0.009997592189395498874
0.009999999005169377814
0.009994161176934480625
 0.01000000000000000021
0.009332164239393125546
0.008836382581432197791
 0.01000000000000000021
0.009999999997903654542
0.007262955562236729154
0.009912523154049019541
0.009999999999968032724
 0.01000000000000000021
0.009999999966675181609
0.009582193388589097666
0.009679849925556142931
 0.01000000000000000194
 0.01000000000000000021
0.009999980795384442664
0.009999999999832863071
0.009999999999747389776
0.009931876055501755174
 0.01000000000000000021
0.009999999999999996739
0.007571906969791770102
 0.01000000000000000021
 0.01000000000000000021
0.009999905474086884238
0.006689885639270400954
 0.01000000000000000194
0.009752499365035862192
 0.00712495756203188231
 0.01000000000000000021
0.009508652769702590976
 0.01000000000000000021
 0.01000000000000000021
0.009617123398731119294
0.009349297175046730052
0.009987235654257671166
0.009999999999999998473
0.009999999999999998473
 0.01000000000000000021
 0.01000000000000000021
0.009999999999139631141
0.009998952292302826228
0.009999999578002394945
0.009999999752609400883
 0.01000000000000000021
 0.00982586413099396927
0.009997722863155677694
0.009999994830737657381
 0.00983025364567696909
 0.01000000000000000021
0.009999977698098570442
0.009999998522129847564
0.009999886441662081404
0.009999999999992044766
 0.01000000000000000021
0.009999998905523610482
0.009436507186776760953
0.009625760648937012331
 0.01000000000000000021
 0.00834912796719906522
 0.01000000000000000021
 0.01000000000000000021
0.009999999999999998473
 0.00979593164185718103
0.009998897069321509984
 0.01000000000000000021
0.009999999986852874459
0.009999961953105299464
0.009999999776632132603
0.009999882332301611443
0.009999979371358486482
0.009715582077954223322
0.009999999999999984596
 0.01000000000000000021
0.009606138108938518105
0.009999999387625085542
0.009999999999448071913
 0.01000000000000000021
0.009999999999979291079
0.009173116676850359003
 0.00945322588169160774
 0.01000000000000000021
0.009730374248997314054
 0.01000000000000000021
0.009838574649304472272
0.009999156216873732878
0.009999999999999833675
0.007513944221259365695
0.009831067314837470955
0.009920251570509139652
0.009995801496715493728
0.009999999273702368796
0.009707442143713985311
 0.00999999999165509211
0.009999999995702908012
0.009999999945426734163
 0.01000000000000000021
0.009999999123374427729
0.009999999999999958575
 0.01000000000000000194
0.009693417332967262448
0.008842106533991238998
 0.00999999999980968543
0.009999999999991097607
0.009999999966819451622
0.009999999998585144129
0.009281844631238442625
0.009998980845298958628
0.009999672063861360025
 0.01000000000000000021
0.009808896630359826077
0.008115867219254615031
0.007116386587613014389
 0.01000000000000000021
0.009740387490657033756
0.009992894544594170536
 0.01000000000000000021
0.009171152154360366626
0.009999999999291808023
0.009999999999999488465
0.009999999999999819797
0.009997720397377342708
0.009996596472084224097
0.009999931436752677524
0.009999677439386442379
0.009993051914552658621
0.006648982361520210799
0.009999999068435166255
 0.01000000000000000021
0.009994779996374922315
0.009999999995174818287
0.009963550624427747193
 0.01000000000000000021
0.009999999999999998473
0.009326273320554925861
 0.01000000000000000021
0.009999999999997098016
 0.00999960886856791735
0.009715089055797702933
 0.01000000000000000194
0.009954693425249693667
0.009999999851072565588
 0.01000000000000000021
 0.01000000000000000021
 0.01000000000000000194
0.009999999999999998473
 0.01000000000000000021
0.009999205236809643668
0.009999999999998548245
 0.01000000000000000021
 0.01000000000000000021
0.009999986421392857011
 0.01000000000000000021
0.008713287794399960859
0.009870779352955202923
 0.01000000000000000021
0.007489302319431391693
 0.01000000000000000021
0.009999999999999998473
 0.01000000000000000194
 0.01000000000000000021
0.009998607402001612188
0.009999987723563018641
0.009705795438973940231
0.009999999999998919475
 0.01000000000000000021
0.009809994688587462056
 0.00999808639998152511
0.009999999957405818554
 0.01000000000000000021
 0.01000000000000000021
0.009994322296981343959
 0.01000000000000000021
 0.01000000000000000021
 0.00975103858311419068
0.009999999999999998473
0.009481055140865014483
0.009999906814857566217
 0.01000000000000000021
0.009954955702919451518
0.009348272311893982348
0.009195878181872058424
0.009298154280750932366
0.008342323693742123222
0.009925944974816443625
0.009999999999999715714
 0.00965784664252135501
 0.01000000000000000021
0.009999999784302706848
 0.01000000000000000021
 0.01000000000000000194
 0.01000000000000000021
 0.01000000000000000021
 0.01000000000000000194
0.009999999999997044239
0.009999999999999998473
