0.009965320153635813874
 0.01000000000000000021
0.009999999991759399298
 0.01000000000000000021
 0.01000000000000000021
 0.00999780018945954814
 0.01000000000000000021
0.008877640876540244044
0.009993526509182410617
0.009931730881027769561
 0.01000000000000000021
 0.01000000000000000021
 0.01000000000000000021
 0.01000000000000000021
0.009998938462492933457
 0.01000000000000000021
0.009999999999999998473
0.009999977514838566048
0.009999210318065762659
0.009999999999999998473
 0.01000000000000000021
 0.01000000000000000021
0.009999625220741395482
 0.01000000000000000021
 0.01000000000000000194
0.009999999999999998473
0.009697920842472030137
0.007354456421907876358
 0.01000000000000000021
 0.01000000000000000021
0.009936102969329421025
 0.00991240713120550461
0.009999992845142274822
0.009999999999999998473
 0.01000000000000000021
 0.01000000000000000021
 0.00889128107675474233
0.009274294796697144655
0.009999999999999949901
 0.01000000000000000021
0.009989762469922055382
0.009414147539434458353
0.009930978008638874366
 0.00999999999999970704
 0.00999999999647783501
0.009999073519070362029
0.009999999999874793072
0.009998932175257145907
0.009999999999996577599
 0.01000000000000000021
 0.01000000000000000021
 0.01000000000000000021
0.009997374506265799959
 0.01000000000000000021
0.009999999999412995805
0.009999999999999998473
0.009999967857810532906
0.009999999999999998473
 0.01000000000000000021
0.009999860046647756143
0.009678124288856266785
0.006869470981898088795
0.009993633414430529854
0.009999562897404784198
 0.00988517199580868193
0.009807736008821935428
0.009999999999997601086
0.009999988170122552783
 0.01000000000000000021
0.008704897012715649349
0.009999999999999998473
 0.01000000000000000194
 0.00999999999983794581
0.009999999999999998473
 0.01000000000000000368
0.009999999999999628977
0.009999999738822654832
 0.00999903018125306367
0.009804920579497134261
0.009453683254661263483
 0.01000000000000000021
0.009999999999996213307
0.009999901527529646977
0.009999999999378599708
 0.01000000000000000194
0.009997342467094504775
 0.01000000000000000021
0.009916184317397651327
0.009999999999994863692
 0.01000000000000000194
0.007412745341839088384
0.009975049120839381625
0.009999999999404261472
0.009999999974351234111
0.009720614955327286713
0.008756327728321149431
0.009999999999999991535
0.009976975445203400961
 0.01000000000000000021
0.009983810842317135392
0.009999994004871561384
0.009999677027604916835
0.009999981267666106094
0.009999856695786098551
 0.00999710337733334016
 0.00989550064286540132
 0.01000000000000000194
 0.00999992892608477825
  0.0099999999999999898
0.009999999999993071723
0.009995534653502653397
 0.01000000000000000021
 0.01000000000000000194
 0.00830682159889045181
0.009999999994365347741
 0.00998531913855193326
0.009999999999999998473
0.009999999999999998473
 0.01000000000000000194
0.009467289979996296179
 0.01000000000000000021
0.009999999999999998473
0.009999999946648106125
0.009123632207381434517
0.009999999999999998473
0.009999999999999531833
 0.01000000000000000021
0.009999999971016724359
 0.01000000000000000021
0.009997809965693634296
 0.01000000000000000021
 0.01000000000000000021
 0.01000000000000000021
0.009999999842509040698
 0.01000000000000000021
0.009895307468792396283
 0.00999999999999854651
 0.01000000000000000194
 0.01000000000000000021
 0.00750278833654804099
0.008532010622110005466
0.009999993587403629633
0.009696753344448860723
0.009985263691639299083
0.009985929607440768851
0.009999999999999998473
0.009999999999999998473
 0.00997224214054721371
0.009999999999999998473
 0.00999999999999227028
 0.01000000000000000021
0.009999999987015261924
0.009987879268750131379
0.009999961213548151304
0.009999998771944570292
 0.01000000000000000021
0.009657165820128070163
 0.01000000000000000021
0.009999999954509519035
0.009962325258140350415
0.008016485906347611823
0.009999990187245341028
 0.01000000000000000021
0.008597840041886534862
0.009999999999993359687
0.009995472531172229502
0.009999999999999995004
0.009994353144925482296
0.009999999999999998473
0.009998678615748244486
0.009999830835171395066
0.009999999999848914467
0.009999605896529636939
0.009294404572997783803
0.009999999999999998473
0.009999733031099817399
 0.00999996308551482499
 0.01000000000000000021
0.007926386810843774611
0.009924170540645293678
 0.01000000000000000021
0.009486865526236279086
 0.01000000000000000194
0.009998358159629398834
 0.01000000000000000194
0.009999999999999830205
0.009948330275804951814
0.009998175109587484691
0.009969986856461133043
0.009906237304580935155
0.009999999980695674709
0.008175610420104796258
 0.00999999999985416721
0.009999789587046420403
0.009999993105522615375
0.008439572898328553258
0.009999999999999498873
0.009990955879726577324
0.009999999999999998473
0.008198824442877223131
 0.01000000000000000021
 0.01000000000000000021
0.009999999999836408845
0.009885911348264721579
0.009999999999985013932
0.009990323915767582164
0.009996840167353986464
0.009131042167368453102
0.009999999593987122376
0.009990023523782053105
 0.01000000000000000021
 0.01000000000000000021
0.009999998385708867149
 0.01000000000000000021
0.009999742922854873081
0.007582517065982076129
 0.00999999999978424918
 0.01000000000000000021
0.009968313328237443649
 0.01000000000000000194
0.009999999999999996739
 0.01000000000000000021
 0.01000000000000000021
 0.00999701482466283306
0.006198315201306993892
0.009995458292384667293
0.009653563967911719945
0.008992046968194195022
0.009558713009561745425
0.009998672182458936963
0.009999895317281218624
 0.01000000000000000021
0.008486012662698138795
0.009999999999999998473
0.009999999999999998473
0.009999958867972938079
 0.01000000000000000021
0.009999999703150129135
0.009953383273767725178
0.009988998656960136266
0.009988831771550465977
0.009430430477677106266
0.009999999999999991535
0.009999998403840306208
0.009916038618183206296
0.009999999998372496521
 0.01000000000000000021
0.009988729424515244149
 0.01000000000000000021
0.009998549122740740119
0.009999999999995836872
 0.00999851770528738075
 0.01000000000000000021
0.009999987329351825438
0.007413485256336709711
 0.01000000000000000021
 0.01000000000000000021
0.006003004391270951555
0.009999999973348546595
 0.01000000000000000021
 0.00967790392820224929
 0.01000000000000000021
0.009999996385454389472
0.009999999996940969749
0.009999995847825467188
0.009814003181335821321
0.004053436764080512074
0.008559908674750401139
 0.01000000000000000021
0.009926221537852652002
0.009999999999999818062
 0.01000000000000000021
0.009999999999946130105
0.009992565143315078682
 0.01000000000000000021
0.009999999999999998473
 0.01000000000000000021
 0.01000000000000000021
0.009999999999999998473
0.009417158592156993704
0.009716715862382393695
 0.00999999991984870662
 0.00999988236387241991
 0.01000000000000000021
 0.01000000000000000021
0.009999999999989028082
0.009999933779171498935
 0.01000000000000000021
0.008722676860219559167
0.009999998699297331373
0.009837764007688192675
0.009995028850457544217
 0.01000000000000000194
0.009999999999999505812
0.009965253192705653823
0.008241901340208107607
0.009999999982572432139
0.009999999999999998473
 0.01000000000000000194
0.009999475603929658743
0.009973885504167306904
0.009999999999999998473
 0.01000000000000000021
 0.01000000000000000021
0.009996143469349683119
0.009999998645357570728
0.009993768327157202466
 0.01000000000000000021
0.009853549474369182465
0.009274434426163264203
 0.01000000000000000194
0.009999999997270778845
0.009815651972333893846
 0.00995693631420025739
 0.00999999999995852297
 0.01000000000000000194
0.009999999953175534029
  0.0093034706643508637
0.009350303183692865519
 0.01000000000000000021
 0.01000000000000000194
0.009999975170534046442
0.009999999999776435985
0.009999999999670033252
0.009912347613192028575
 0.01000000000000000021
0.009999999999999995004
0.009898043275357164619
 0.01000000000000000021
0.009999999999999998473
0.009999888345021513275
0.003596735600752286668
 0.01000000000000000021
0.009705457536923324177
0.009649583198386510116
 0.01000000000000000021
0.009825844469516951604
 0.01000000000000000021
 0.01000000000000000021
0.009659297713865392862
0.009623715773693572451
0.009984547407666823776
0.009999999999999998473
 0.01000000000000000021
 0.01000000000000000021
 0.01000000000000000194
0.009999999998850962746
0.009998347339769368333
0.009999999459114772976
0.009999999647433498173
 0.01000000000000000021
0.008980098193596169204
0.009998338143534632808
0.009999993146084101836
0.009831626233156989803
 0.01000000000000000021
0.009999971639842876459
 0.00999999796390113084
 0.00999979111540165097
0.009999999999989662991
 0.01000000000000000021
0.009999998489758684522
0.009692090434886217742
0.008180710605968402951
 0.01000000000000000021
 0.00504016708358876863
 0.01000000000000000021
0.009999999999999998473
0.009999999999999998473
0.009649807752486605841
0.009997413249891182532
 0.01000000000000000021
0.009999999982810351198
0.009999958820868170076
0.009999999716450210657
0.009999798590673828272
0.009999973177439515012
0.008569963138173453468
0.009999999999999979391
 0.01000000000000000021
  0.0097896258940553052
0.009999999163927965687
0.009999999999278497489
 0.01000000000000000021
0.009999999999972907297
0.009714510762675468772
0.006414791271162422794
 0.01000000000000000021
0.008086390925400702839
 0.01000000000000000021
0.009916624067023073474
0.009998878369883446027
0.009999999999999783368
0.009661167780266717575
0.009577786922778410567
0.009830053667501753578
0.009996468644700887834
0.009999999034265702122
0.009826657955839033717
0.009999999989401219674
0.009999999994391994829
0.009999999927469542874
 0.01000000000000000021
0.009999998868929164259
0.009999999999999944697
 0.01000000000000000021
0.009780096809428779486
 0.00620900950477619451
0.009999999999751301577
0.009999999999988082658
0.009999999955615530151
0.009999999998110742361
0.009019996388616953464
0.009998592731897059174
0.009999512791229315037
 0.01000000000000000021
0.009884328008795078765
0.008140936948200032039
0.005541058469170450501
 0.01000000000000000021
0.009541454057102601721
0.009979362097584321134
 0.01000000000000000021
0.008510651477748125068
 0.00999999999908026023
0.009999999999999314992
 0.00999999999999976602
0.009995641069801327466
0.009995082678118697231
0.009999899676128980522
0.009999489011450238621
0.009990302899046238014
0.009706905835602141347
0.009999998827704553728
 0.01000000000000000021
0.009984991281763239829
 0.00999999999354653224
0.009956525828577585807
 0.01000000000000000194
0.009999999999999998473
0.009151402900081474084
 0.01000000000000000021
0.009999999999996123101
0.009999550406454522228
0.009491136859476207929
 0.01000000000000000194
0.009911586156631379749
0.009999999811104647723
 0.01000000000000000021
 0.01000000000000000021
 0.01000000000000000194
0.009999999999999998473
 0.01000000000000000021
0.009998985622086618494
 0.00999999999999807293
0.009999999999999998473
 0.01000000000000000194
0.009999982793378483711
 0.01000000000000000021
0.009297239922494145853
 0.00978184139056596097
 0.01000000000000000021
0.004467129816349491717
 0.01000000000000000194
 0.01000000000000000021
 0.01000000000000000021
 0.01000000000000000021
0.009998702603265532951
0.009999982556230259043
0.009651419028368914479
0.009999999999998565592
 0.01000000000000000021
0.009814252803532843433
0.009997725643067752535
0.009999999943629942281
 0.01000000000000000021
 0.01000000000000000194
 0.00998922135738868934
 0.01000000000000000194
 0.01000000000000000194
0.009744328356339183872
 0.01000000000000000021
0.009540282301115069266
0.009999861326849998969
 0.01000000000000000021
0.009944738616695293631
  0.0098789649676077982
0.009394573450621933677
0.009916895908373258781
0.009459968781439983057
0.009956524709915889546
0.009999999999999625508
0.009761751263938462167
0.009999999999999998473
0.009999999707941242821
 0.01000000000000000021
 0.01000000000000000021
 0.01000000000000000194
 0.01000000000000000021
 0.01000000000000000021
0.009999999999995947894
0.009999999999999998473
