0.009960123399975434264
 0.01000000000000000021
0.009999999990308941489
 0.01000000000000000021
 0.01000000000000000021
0.009997144332079729509
 0.01000000000000000021
0.008953967328275910104
0.009994971692610704964
0.009904434524119468466
 0.01000000000000000021
 0.01000000000000000021
 0.01000000000000000021
 0.01000000000000000021
0.009998760639194295349
 0.01000000000000000021
0.009999999999999998473
0.009999973450239871969
0.009999061638349470565
0.009999999999999998473
 0.01000000000000000021
 0.01000000000000000021
 0.00999958772666239247
 0.01000000000000000021
 0.01000000000000000194
 0.01000000000000000021
0.009581982258739903807
0.007835978795142941461
 0.01000000000000000021
 0.01000000000000000021
  0.0099280262578407448
0.009924382601369435841
0.009999991643766841659
0.009999999999999998473
 0.01000000000000000021
 0.01000000000000000021
0.009248598545550688194
0.008193746950805051027
0.009999999999999941228
 0.01000000000000000021
0.009987588165474818244
0.009323082451713033195
0.009909879715737177769
0.009999999999999654998
0.009999999995857872595
0.009998876944269909084
0.009999999999852961577
0.009998736126309209007
 0.00999999999999597565
 0.01000000000000000021
 0.01000000000000000021
 0.01000000000000000021
0.009998079746078863614
 0.01000000000000000194
0.009999999999312022755
 0.01000000000000000021
0.009999962416448161806
0.009999999999999998473
 0.01000000000000000021
0.009999835388359079591
0.008884397156641878762
0.007837558196947536082
0.009992200957131023437
0.009999502293404799111
0.009810157665057274781
0.009792983290113936243
0.009999999999997191691
0.009999986249486270823
0.009999999999999998473
0.008764829838186667665
0.009999999999999998473
 0.01000000000000000194
0.009999999999810004619
0.009999999999999998473
 0.01000000000000000194
0.009999999999999564793
0.009999999691304146607
0.009998845905527711103
0.009862968814480182686
 0.00838995858344706788
 0.01000000000000000021
0.009999999999995569724
0.009999885840725256797
0.009999999999270186429
 0.01000000000000000194
0.009996905349686968992
 0.01000000000000000021
0.009921592411527934904
0.009999999999993959901
 0.01000000000000000021
 0.00833820248216969942
 0.00997358599035538286
0.009999999999299674994
0.009999999970024471205
0.007805857317994731488
0.008274688595759877724
0.009999999999999991535
0.009980903819162063872
 0.01000000000000000021
0.009987389602440390271
0.009999992924583327517
0.009999612573853716019
0.009999977975526600643
0.009999848553582373067
0.009996859826846884664
0.009902596558825011927
 0.01000000000000000194
0.009999920510550847075
 0.00999999999999998633
0.009999999999991879968
0.009994857625519980651
 0.01000000000000000021
 0.01000000000000000194
0.007925924067476478388
0.009999999993401153739
0.009976840424176550495
 0.01000000000000000021
0.009999999999999998473
 0.01000000000000000194
0.008981912944260256673
 0.01000000000000000021
0.009999999999999998473
0.009999999937336381123
0.009141711013370090039
0.009999999999999998473
0.009999999999999450301
 0.01000000000000000021
 0.00999999996610314093
 0.01000000000000000021
0.009997482707190960549
 0.01000000000000000021
 0.01000000000000000021
 0.01000000000000000021
0.009999999818670987639
 0.01000000000000000021
0.009832917196624610737
 0.00999999999999829324
 0.01000000000000000194
 0.01000000000000000021
0.008715818007230162826
0.008568489791129250965
0.009999992573370341739
0.009190274569660194029
0.009981080908202917198
0.009990155044333211276
0.009999999999999998473
0.009999999999999998473
0.009978310572790813696
0.009999999999999998473
0.009999999999990920665
 0.01000000000000000021
0.009999999984729997932
0.009988013757855598168
0.009999954148161618525
0.009999998561085687854
 0.01000000000000000021
0.009824076459400091915
 0.01000000000000000021
0.009999999946628937431
0.009972285348482380976
0.008813414969072367808
0.009999988383861473443
 0.01000000000000000021
0.008926308798804858183
0.009999999999992193953
0.009994963946819318198
0.009999999999999993269
0.009996382495199582566
 0.01000000000000000021
0.009998581238104336036
0.009999805246975008652
0.009999999999823061883
0.009999644973980139837
0.008752284878670047244
 0.01000000000000000021
0.009999685784924853757
0.009999956761474165789
 0.01000000000000000021
0.008364517114206737949
0.009901708106080235258
 0.01000000000000000021
 0.00923494037391789889
 0.01000000000000000194
 0.00999850154227218367
 0.01000000000000000194
0.009999999999999800715
0.009933929139015217069
0.009998488762490828977
0.009954683888654601923
 0.00991327317659386302
0.009999999977372152696
0.008402538166994958854
0.009999999999828732694
0.009999748912078103291
0.009999991922545942158
0.008702740261519806286
0.009999999999999412137
0.009989016912203215609
0.009999999999999998473
0.008204996785656748851
 0.01000000000000000021
 0.01000000000000000021
0.009999999999807275899
0.009890411144338471724
0.009999999999982387561
0.009989579290565002781
0.009996265629882303272
0.009486812276864504262
0.009999999521525299376
 0.00999136479344309332
 0.01000000000000000021
 0.01000000000000000021
0.009999998127651812257
 0.01000000000000000021
0.009999713848173517883
0.009420805575551496197
  0.0099999999997469214
 0.01000000000000000021
0.009963754102559278791
 0.01000000000000000194
0.009999999999999996739
 0.01000000000000000021
0.009999999999999998473
0.009996363118184206642
0.009537353687514869838
0.009995387184336087735
 0.00916054899528411827
0.006891173954141877056
0.009794418673373201864
0.009998557431932644096
  0.0099998793118608615
 0.01000000000000000021
0.009449415546486077816
0.009999999999999998473
 0.01000000000000000021
 0.00999995346129686595
 0.01000000000000000021
0.009999999654172262234
0.009951582358366697911
0.009987116054623240702
0.009987095520092510378
0.009601909292875935795
  0.0099999999999999898
0.009999998120145819902
0.009326775553550221975
0.009999999998087793704
 0.01000000000000000021
0.009988597267697442439
 0.01000000000000000021
0.009998279079001250527
0.009999999999995111757
0.009998842064080359915
 0.01000000000000000021
0.009999984964709452903
0.009666768544646747036
 0.01000000000000000021
 0.01000000000000000021
0.008611933350852297303
0.009999999968945296261
 0.01000000000000000021
0.009541538057892765684
 0.01000000000000000021
0.009999995819673349398
0.009999999996407377481
0.009999995156964723575
0.009622305538684840925
 0.00461703985242950532
0.009242239707572385415
 0.01000000000000000021
0.009918095646766820692
0.009999999999999786837
 0.01000000000000000021
0.009999999999936962092
0.009990441899472613657
 0.01000000000000000021
0.009999999999999998473
 0.01000000000000000021
 0.01000000000000000021
0.009999999999999996739
0.009294886792400395767
0.009622027190304001734
0.009999999905579393458
0.009999860871630987177
 0.01000000000000000021
 0.01000000000000000021
0.009999999999987154581
0.009999922030627004035
 0.01000000000000000021
  0.0077775993805502628
0.009999998534700552458
0.009211499890048832975
0.009994913724333876967
 0.01000000000000000021
0.009999999999999417341
0.009966513460499770022
0.009571679484282375958
0.009999999979988303048
0.009999999999999998473
 0.01000000000000000194
0.009999372277593588168
0.009968408840282196037
0.009999999999999998473
 0.01000000000000000021
 0.01000000000000000021
0.009996178058851343598
0.009999998420392269133
0.009991830513301481337
 0.01000000000000000021
0.009694063336191613769
0.009391797413393120422
 0.01000000000000000194
0.009999999996790976883
0.009772725989455919443
0.009951315684026957112
0.009999999999951216315
 0.01000000000000000194
0.009999999945703474599
0.009081022802432515625
0.009249404462630084547
 0.01000000000000000021
 0.01000000000000000021
0.009999970857405806463
  0.0099999999997382686
0.009999999999612206245
0.009910361211191313913
 0.01000000000000000021
0.009999999999999995004
0.008410366177150957814
 0.01000000000000000194
0.009999999999999998473
0.009999867632507753595
0.004040098990854302033
 0.01000000000000000021
0.007267484431151723968
0.007818550769624290145
 0.01000000000000000021
  0.0087727589092574422
0.009999999999999998473
 0.01000000000000000021
0.009678501627148486733
0.004127888099820165718
0.009987765234751033727
0.009999999999999998473
 0.01000000000000000021
 0.01000000000000000194
 0.01000000000000000194
0.009999999998652558952
 0.00999812596818731858
0.009999999357050882651
 0.00999999959234543212
 0.01000000000000000021
0.009147089022593370491
0.009998315051747648508
0.009999991934339241134
0.009884692206298917663
 0.01000000000000000021
0.009999966722292970983
0.009999997628180073983
0.009999774068696471591
 0.00999999999998784847
 0.01000000000000000021
0.009999998249567440892
0.009778794623532668581
0.008662129653244509883
0.009999999999999998473
0.005663450530119809589
 0.01000000000000000021
 0.01000000000000000021
0.009999999999999998473
0.009550413484734390432
0.009996753787163239688
 0.01000000000000000021
0.009999999979816666038
0.009999951486567874512
0.009999999665694349338
0.009999777783915824239
0.009999968239187194061
 0.00818548043424970409
0.009999999999999975922
 0.01000000000000000021
0.009715550329577708755
0.009999999021380868297
  0.0099999999991528081
 0.01000000000000000021
 0.00999999999996818538
0.009697880232292239999
0.009712777728877235173
 0.01000000000000000021
0.009711587719758272771
 0.01000000000000000021
0.009905372375804362417
0.009998720545949357774
0.009999999999999745204
0.007753302014600458973
0.009611527220342313757
0.009819976163720520873
0.009995783279043927994
0.009999998863551302908
0.007579410491570172555
 0.00999999998750479395
0.009999999993421710212
 0.00999999991522486191
 0.01000000000000000021
0.009999998671364722022
0.009999999999999934289
 0.01000000000000000021
0.009577151447109903681
0.009060633803002836328
0.009999999999707969919
0.009999999999986054766
0.009999999948182070053
0.009999999997787707359
0.009531972999909108304
0.009998403642584937842
0.009999454293298626339
 0.01000000000000000021
0.009901131581065227699
0.007903652162384000937
0.005472770198961543486
 0.01000000000000000021
0.009906629351350646623
0.009974615227630467471
 0.01000000000000000021
0.008989816997485560596
0.009999999998918143382
0.009999999999999200501
0.009999999999999722652
0.009995220628334368015
0.009995480027551024993
0.009999884222329466152
 0.00999941890178980726
0.009989428665595476153
0.003924987698708326013
0.009999998614240956235
 0.01000000000000000021
0.009983859510960764461
0.009999999992433365389
0.009952563580608900576
 0.01000000000000000194
0.009999999999999998473
0.007923659506452390006
 0.01000000000000000021
0.009999999999995460437
0.009999465770323123781
0.009448091329301249938
 0.01000000000000000194
 0.00990864399169392486
0.009999999777269008572
 0.01000000000000000021
 0.01000000000000000021
 0.01000000000000000194
0.009999999999999998473
 0.01000000000000000021
0.009998831694166272765
0.009999999999997741598
0.009999999999999998473
 0.01000000000000000021
0.009999979722428279511
 0.01000000000000000021
0.009355555045194651614
0.009818051518386192861
 0.01000000000000000021
0.004786096335532771806
 0.01000000000000000194
 0.01000000000000000021
 0.01000000000000000021
 0.01000000000000000021
 0.00999846319568406354
0.009999979777243053758
  0.0097545630567248999
0.009999999999998319261
 0.01000000000000000021
 0.00976071406850047632
0.009997396897573821231
0.009999999933792623821
 0.01000000000000000021
 0.01000000000000000194
 0.00998830446215249676
 0.01000000000000000194
 0.01000000000000000021
0.009802326127514868551
 0.01000000000000000021
0.009717135698308020791
0.009999840359408320237
 0.01000000000000000021
0.009949507929400745396
0.008679550254178120677
0.008936970410337374132
0.009727297908506384039
0.009420712525675344756
0.009957470959779293751
0.009999999999999559588
0.009491017921040454872
0.009999999999999998473
0.009999999658710222519
 0.01000000000000000021
 0.01000000000000000021
 0.01000000000000000194
 0.01000000000000000021
 0.01000000000000000194
0.009999999999995280026
0.009999999999999998473
