0.009944632366570897025
 0.01000000000000000194
0.009999999989421470836
 0.01000000000000000194
 0.01000000000000000194
  0.0099972748799971832
 0.01000000000000000194
0.009518369211441791641
0.009995531748093691368
0.009818164008965131473
 0.01000000000000000194
 0.01000000000000000194
 0.01000000000000000194
 0.01000000000000000194
 0.00999882054380191003
 0.01000000000000000194
 0.01000000000000000021
0.009999971417565915732
0.009999020613220171647
 0.01000000000000000021
 0.01000000000000000194
 0.01000000000000000194
0.009999604719737138422
 0.01000000000000000194
 0.01000000000000000194
 0.01000000000000000194
0.009654507779884699895
0.008488676943585371851
 0.01000000000000000194
 0.01000000000000000194
0.009920412598550382849
 0.00993183564916394479
0.009999991050269359597
0.009999999999999998473
 0.01000000000000000368
 0.01000000000000000021
0.009725019997730918395
0.007712388009207787887
0.009999999999999936023
 0.01000000000000000194
0.009980285442894450479
0.009665792903951119994
0.009940795549504069517
0.009999999999999627243
 0.00999999999547849551
0.009998780697890495908
0.009999999999840750858
 0.00999856523190958274
0.009999999999995618297
 0.01000000000000000194
 0.01000000000000000194
 0.01000000000000000194
  0.0099986938602954923
 0.01000000000000000194
0.009999999999257333863
 0.01000000000000000021
0.009999961029516800382
 0.01000000000000000021
 0.01000000000000000021
0.009999832083048266346
0.009620808561823656832
0.008069317237520070782
0.009992168623777093403
 0.00999949974139485373
0.009761801187474813957
0.009739917674794115396
 0.00999999999999697832
0.009999985476221669167
 0.01000000000000000194
0.008872849965785450238
0.009999999999999998473
 0.01000000000000000368
0.009999999999794648847
 0.01000000000000000194
 0.01000000000000000368
0.009999999999999526629
0.009999999659126878812
0.009998723116520160867
0.009756856454678762905
0.009141361235011391181
 0.01000000000000000194
0.009999999999995241862
0.009999876316125862891
0.009999999999208031287
 0.01000000000000000194
0.009996638090563600421
 0.01000000000000000194
0.009837252059458493139
0.009999999999993423871
 0.01000000000000000194
0.008691512558288894477
0.009974483949602579863
0.009999999999237162498
0.009999999967896865821
0.009452998275925756852
0.009462618491207027208
0.009999999999999991535
0.009972849439600027163
 0.01000000000000000194
0.009984099126121909543
0.009999992256178867264
0.009999556731617882319
0.009999976791525155145
0.009999867026053195149
0.009996970910486496081
0.009967020389284155304
 0.01000000000000000368
0.009999913160267626458
 0.00999999999999998633
 0.00999999999999123465
0.009992617744914047626
 0.01000000000000000194
 0.01000000000000000194
0.007805971159231859559
0.009999999992907635318
0.009978254753643790373
 0.01000000000000000194
0.009999999999999998473
 0.01000000000000000194
0.009020993146073005842
 0.01000000000000000368
 0.01000000000000000021
  0.0099999999321559261
 0.00957088343727039402
0.009999999999999998473
0.009999999999999403463
 0.01000000000000000194
0.009999999963078895146
 0.01000000000000000194
0.009997871514463622933
 0.01000000000000000194
 0.01000000000000000194
 0.01000000000000000021
0.009999999812248727346
 0.01000000000000000194
0.009766617951400258929
0.009999999999998149258
 0.01000000000000000368
 0.01000000000000000194
0.007619828586443697788
 0.00939225326597699188
0.009999992162122710304
0.008347667926582830883
0.009976086460439546194
0.009986595457967742742
0.009999999999999998473
 0.01000000000000000021
 0.00997335848472169148
 0.01000000000000000021
0.009999999999990131366
 0.01000000000000000194
0.009999999983333111853
 0.00998121834163100477
 0.00999995069033248786
0.009999998441309146738
 0.01000000000000000194
0.009621747065818002029
 0.01000000000000000194
0.009999999941538623843
0.009967364884634101474
0.006887332643887670962
0.009999987191618965598
 0.01000000000000000194
 0.00757775965516332712
0.009999999999991494859
0.009995212192297224865
0.009999999999999993269
0.009996999194441235151
 0.01000000000000000194
0.009998465232401908265
0.009999799811168075606
0.009999999999809184095
0.009999745846001743474
0.008844158012441436303
 0.01000000000000000194
0.009999652829916182151
0.009999953033120189544
 0.01000000000000000194
0.008990878265072126466
0.009931090606528390069
 0.01000000000000000194
 0.00818478617332497535
 0.01000000000000000194
0.009998754715668786708
 0.01000000000000000194
0.009999999999999781633
0.009946332126275799282
0.009998488058086838978
0.009960544702067553394
0.009963576966684309019
0.009999999975480778486
0.007391783762086755541
0.009999999999814553064
0.009999703605914983529
0.009999991226530844171
0.008697942982465383527
0.009999999999999365299
0.009993178853902806233
 0.01000000000000000021
0.009155835297734050277
 0.01000000000000000194
 0.01000000000000000194
0.009999999999788502722
0.009834646139864990089
0.009999999999980841922
 0.00999226175794673023
0.009995753978574838799
0.009182363708550442954
0.009999999473198243477
0.009992453064663899334
 0.01000000000000000194
 0.01000000000000000194
0.009999998035221058235
 0.01000000000000000194
0.009999718681969511566
0.008781908660120634966
 0.00999999999972618972
 0.01000000000000000194
0.009948333887710400156
 0.01000000000000000194
0.009999999999999998473
 0.01000000000000000194
 0.01000000000000000194
0.009996215088237057553
0.008287189091164527677
0.009995417035670304748
0.008323296463399137632
 0.00811838216202274629
0.009627239341560638389
 0.00999818689369094335
0.009999871574387744419
 0.01000000000000000194
0.009713498350880452395
0.009999999999999998473
 0.01000000000000000194
0.009999953120985583324
 0.01000000000000000194
0.009999999632442552189
0.009960718127970441885
 0.00998238071711521173
0.009982310854317541504
0.009029316381518668125
  0.0099999999999999898
0.009999997957090455553
0.009838007051516115334
0.009999999997925676856
 0.01000000000000000194
0.009987883493852201672
 0.01000000000000000021
0.009998263392690465504
0.009999999999994693689
0.009999095014280885013
 0.01000000000000000021
0.009999983480511868625
0.009365208139861656844
 0.01000000000000000368
 0.01000000000000000194
0.009049420340657136907
0.009999999966926336609
 0.01000000000000000021
0.009808168352379558613
 0.01000000000000000194
0.009999995649670497325
0.009999999996110352923
0.009999994835450125644
0.009648341175766898814
0.005633619433615949003
0.009755255740722869329
 0.01000000000000000021
0.009961413085643343671
0.009999999999999772959
 0.01000000000000000194
0.009999999999932245379
0.009988522712690928521
 0.01000000000000000194
0.009999999999999998473
 0.01000000000000000194
 0.01000000000000000194
0.009999999999999998473
0.008272402285260126165
0.009354733384581415817
0.009999999896377238795
0.009999850465956855797
 0.01000000000000000194
 0.01000000000000000194
0.009999999999986172727
0.009999914880241905779
 0.01000000000000000194
0.008058875904288524336
0.009999998538501531087
0.009824574313330551589
0.009995808696699968673
 0.01000000000000000194
0.009999999999999365299
0.009939637868085993144
0.009150963450781875175
0.009999999979405368306
 0.01000000000000000194
 0.01000000000000000368
0.009999338089401128837
0.009964121646507836244
 0.01000000000000000194
 0.01000000000000000194
 0.01000000000000000194
 0.00999615976340751354
 0.00999999831491793327
0.009992641563337614427
 0.01000000000000000194
0.009787893492777588467
0.009215362250089747034
 0.01000000000000000194
0.009999999996505588851
0.009716797075715006421
0.009905372707919444381
0.009999999999946810117
 0.01000000000000000194
0.009999999942862575208
0.009559638987386305173
0.009021881177985099573
 0.01000000000000000194
 0.01000000000000000194
0.009999968285217335565
0.009999999999718308871
 0.00999999999957829587
0.009900245379746781121
 0.01000000000000000194
0.009999999999999996739
0.009788109902973601839
 0.01000000000000000194
 0.01000000000000000194
0.009999849516952210096
0.005775339350173339104
 0.01000000000000000021
 0.00846147137113902395
0.009697364051677178146
 0.01000000000000000194
0.009669900806941680513
 0.01000000000000000021
 0.01000000000000000194
0.009776610864437396478
0.008287453195153844654
0.009988758224203116501
0.009999999999999998473
 0.01000000000000000194
 0.01000000000000000194
 0.01000000000000000368
0.009999999998547438179
0.009998119140351995407
0.009999999290111988987
0.009999999573865627628
 0.01000000000000000194
0.009676893590033434217
0.009997917706050385087
0.009999991236826722904
0.009779971249948574141
 0.01000000000000000194
0.009999963626010154039
0.009999997479803724582
0.009999792231023096889
0.009999999999986762533
 0.01000000000000000194
0.009999998150051992926
 0.00961927545836513409
0.008343494979560989525
 0.01000000000000000194
0.005758555668453455186
 0.01000000000000000194
 0.01000000000000000021
 0.01000000000000000194
0.009423787474852497043
 0.00999705856375681691
 0.01000000000000000194
0.009999999978076386242
0.009999943903071220955
0.009999999632177096129
0.009999787418634466934
0.009999965191115336646
0.009554619217136068113
0.009999999999999975922
 0.01000000000000000194
0.009462400454391613897
0.009999998953905417723
0.009999999999079738078
 0.01000000000000000021
0.009999999999965444517
0.009472323659417114169
0.009485054684504508338
 0.01000000000000000194
0.009202829163058158166
 0.01000000000000000194
  0.0099058363217697145
0.009998650223729451184
0.009999999999999720918
0.009836020742900186686
0.009154726152661460045
0.009853157442634477223
 0.00999442502996454249
0.009999998765316554447
0.009407617365108486909
0.009999999986254975992
0.009999999992856065459
0.009999999908706326199
 0.01000000000000000194
 0.00999999855180050759
0.009999999999999930819
 0.01000000000000000021
0.009748433156594940932
0.007702775169560889014
0.009999999999682745305
0.009999999999985000054
0.009999999944363298365
0.009999999997617367922
 0.00907005225781699724
0.009998333759189764747
0.009999450857261915973
 0.01000000000000000194
0.009858947244749267577
0.008129542345731726252
0.006432947348818892665
 0.01000000000000000194
0.009725614378538399024
0.009979285281354848339
 0.01000000000000000194
0.009462117836730437465
0.009999999998820676209
 0.00999999999999914152
0.009999999999999698366
0.009995603150487083338
0.009995397145904489494
0.009999880141487170124
0.009999422150045341601
0.009989504616178188079
0.009198001677526495765
0.009999998469208418173
 0.01000000000000000194
0.009992656149477552666
0.009999999991847715805
0.009937701169425864137
 0.01000000000000000194
 0.01000000000000000021
0.008642180219576210687
 0.01000000000000000194
0.009999999999995111757
0.009999384978450674699
0.009308140910529212261
 0.01000000000000000194
0.009908939911078515003
0.009999999754851567405
 0.01000000000000000194
 0.01000000000000000194
 0.01000000000000000194
 0.01000000000000000021
 0.01000000000000000021
 0.00999876677304494324
0.009999999999997566391
 0.01000000000000000021
 0.01000000000000000194
0.009999977699201233541
 0.01000000000000000194
0.008139663216000325371
0.009832688717378381543
 0.01000000000000000194
0.005699140681950870015
 0.01000000000000000194
 0.01000000000000000194
 0.01000000000000000194
 0.01000000000000000194
0.009998114505021938117
0.009999978807221357111
0.009657667334139098322
0.009999999999998187422
 0.01000000000000000194
0.009652800242774999331
0.009997232955079897107
0.009999999928326328003
 0.01000000000000000194
 0.01000000000000000368
0.009989319695055868739
 0.01000000000000000368
 0.01000000000000000194
0.009829837593704359236
 0.01000000000000000194
0.009627494000864456405
0.009999835962515600529
 0.01000000000000000021
0.009960618509766001188
0.009732878201540326457
0.008518756776754425261
 0.00985608399661267072
0.009441823992153038775
0.009944575458633198028
0.009999999999999526629
0.009680423438137578801
 0.01000000000000000021
0.009999999634603707124
 0.01000000000000000194
 0.01000000000000000368
 0.01000000000000000194
 0.01000000000000000194
 0.01000000000000000194
0.009999999999994981653
 0.01000000000000000021
