0.009956806856272912287
 0.01000000000000000021
0.009999999989459570568
 0.01000000000000000021
 0.01000000000000000021
0.009996788524836940776
 0.01000000000000000021
0.009220135007604865485
0.009995390366703363685
0.009916137513938952375
 0.01000000000000000021
 0.01000000000000000021
 0.01000000000000000021
 0.01000000000000000021
0.009998695726353609356
 0.01000000000000000021
0.009999999999999998473
0.009999971162074882888
0.009998984986154346374
0.009999999999999998473
 0.01000000000000000021
 0.01000000000000000021
 0.00999958135495008886
 0.01000000000000000021
 0.01000000000000000194
 0.01000000000000000021
0.009556552698059685852
0.007434282707846307132
0.009999999999999998473
 0.01000000000000000021
0.009921133905990892066
0.009928193535171025638
0.009999990977579685872
0.009999999999999998473
 0.01000000000000000021
 0.01000000000000000021
0.009442840839730157892
0.007309157366554487438
0.009999999999999936023
 0.01000000000000000021
0.009985512064551284664
0.009487699937840796821
0.009919366525929500245
0.009999999999999625508
0.009999999995494814053
0.009998760101925543292
0.009999999999840455955
0.009998598791860385457
0.009999999999995625236
 0.01000000000000000021
 0.01000000000000000021
 0.01000000000000000021
0.009998425562273743211
 0.01000000000000000194
0.009999999999254769942
 0.01000000000000000021
0.009999959682443968628
0.009999999999999998473
 0.01000000000000000021
0.009999823431918197086
0.009815390419537122282
 0.00831937742769745317
0.009991589300301950347
0.009999476327695990333
0.009813111845844092046
0.009627469951168268758
0.009999999999996962707
0.009999985237647173938
0.009999999999999998473
0.008838897661395247671
0.009999999999999998473
 0.01000000000000000194
0.009999999999794100675
0.009999999999999998473
 0.01000000000000000194
0.009999999999999528363
0.009999999662574721518
0.009998730734205726542
0.009873852495347406125
0.009116066804656356229
 0.01000000000000000021
0.009999999999995210637
0.009999876888889683638
0.009999999999207713833
 0.01000000000000000194
0.009996658282721610292
 0.01000000000000000021
0.009852916186582062058
0.009999999999993436015
 0.01000000000000000021
0.008273942718088593204
0.009971832895446064438
0.009999999999238767118
0.009999999967631432313
0.009380099457641099744
0.009619430103021240838
0.009999999999999991535
0.009980865794991206769
 0.01000000000000000021
0.009990083686104126934
0.009999992286540176217
0.009999570308381430794
0.009999976223532458866
0.009999850533724818913
0.009996795992103596484
0.009918746013143809812
 0.01000000000000000194
0.009999915450401276884
 0.00999999999999998633
0.009999999999991203425
 0.00999408720402444363
 0.01000000000000000021
 0.01000000000000000194
 0.00632851221691088997
0.009999999992861580145
0.009971314045270315493
 0.01000000000000000021
0.009999999999999998473
 0.01000000000000000194
0.008453885077577966145
 0.01000000000000000021
0.009999999999999998473
0.009999999932007001824
 0.00955084695897247607
0.009999999999999998473
0.009999999999999401729
 0.01000000000000000021
0.009999999963243914186
 0.01000000000000000021
0.009997437432608729732
 0.01000000000000000021
 0.01000000000000000021
 0.01000000000000000021
0.009999999807029322577
 0.01000000000000000021
0.009746581202039266215
0.009999999999998145789
 0.01000000000000000194
 0.01000000000000000021
0.008736564322828462362
0.009057729698362586984
 0.00999999204132298071
0.009643675239972010135
0.009978412602581237384
0.009988106588629799484
0.009999999999999998473
0.009999999999999998473
0.009983042111811181105
0.009999999999999998473
0.009999999999990138305
 0.01000000000000000021
0.009999999983392082042
0.009987823914845976592
0.009999950183051747876
0.009999998440656507337
 0.01000000000000000021
0.009612354023259639044
 0.01000000000000000021
0.009999999941968042497
0.009972158119526775694
0.008573427645236197589
0.009999987299234468913
 0.01000000000000000021
0.008938694771841679612
0.009999999999991512206
0.009994814053741359755
0.009999999999999993269
0.009996960366316224797
 0.01000000000000000021
0.009998518296111508219
0.009999793100585482528
0.009999999999808452042
0.009999688794317639073
0.008884040643514874366
 0.01000000000000000021
0.009999657217492461878
0.009999953072981267524
 0.01000000000000000021
0.009027373205135845805
0.009895562810262584566
 0.01000000000000000021
0.009126885052358179803
 0.01000000000000000194
0.009998699962518267995
 0.01000000000000000194
0.009999999999999783368
0.009931654836047668425
0.009998714998615491206
0.009945826489703938483
0.009923338059590395416
0.009999999975467448871
0.007980465561603833705
 0.00999999999981417316
0.009999720064566470362
0.009999991241971983857
0.008278352172459256184
0.009999999999999363565
0.009988185130465799741
0.009999999999999998473
0.007536167979581441002
 0.01000000000000000021
 0.01000000000000000021
0.009999999999789933869
0.009876369935771686995
0.009999999999980861004
0.009989831568593969882
0.009995886089405933012
0.008826955280657801731
0.009999999478052492424
0.009993759408625051827
 0.01000000000000000021
 0.01000000000000000021
 0.00999999799459824236
 0.01000000000000000021
0.009999702844952846476
0.008312126983512382189
0.009999999999725608588
 0.01000000000000000021
0.009955697345239865673
 0.01000000000000000194
0.009999999999999998473
 0.01000000000000000021
0.009999999999999998473
0.009996028025903038947
0.008901498502070552543
0.009995259034525652564
0.007945709681678623723
0.008823588085722269825
 0.00981715441202832273
0.009998440272909201246
0.009999870720179335551
 0.01000000000000000021
0.009224684649188026608
0.009999999999999998473
 0.01000000000000000021
0.009999951092715458553
 0.01000000000000000021
0.009999999627721562964
0.009954075852431753385
0.009982154820539141868
0.009982247821860051884
 0.00947817402129094537
  0.0099999999999999898
0.009999997955853335771
0.009763426712736075416
0.009999999997923905704
 0.01000000000000000021
0.009988437913289913497
 0.01000000000000000021
0.009998152517889319704
0.009999999999994691954
0.009999048942088934605
 0.01000000000000000021
0.009999983539726760295
0.009649080888535686851
 0.01000000000000000021
 0.01000000000000000021
0.009099289088348117005
0.009999999966552640743
 0.01000000000000000021
0.009680324001721089117
 0.01000000000000000021
0.009999995537207003946
0.009999999996102001965
0.009999994779070668985
0.009489694161709895381
0.005322056774948472936
0.008883371051609906602
 0.01000000000000000021
0.009927185360760065747
0.009999999999999771225
 0.01000000000000000021
0.009999999999931832514
0.009988628840516843022
 0.01000000000000000021
0.009999999999999998473
 0.01000000000000000194
 0.01000000000000000021
0.009999999999999996739
0.007870330965001717458
0.009613200704316834586
0.009999999897088119802
0.009999848825297386404
 0.01000000000000000021
 0.01000000000000000021
0.009999999999986101604
0.009999915164094486109
 0.01000000000000000021
0.009333129851704364058
  0.0099999984691583714
0.009383485817050639388
0.009995235411200837153
 0.01000000000000000021
0.009999999999999367034
0.009962076949906464515
0.009211462891310707654
0.009999999978759771882
0.009999999999999998473
 0.01000000000000000194
0.009999315407261283664
0.009961717831471882806
0.009999999999999998473
 0.01000000000000000021
 0.01000000000000000021
0.009996088706200811566
0.009999998297532260508
0.009990742824158087634
 0.01000000000000000021
0.009766376253661194703
0.009107348480905122501
 0.01000000000000000194
0.009999999996511795691
0.009800009804088778351
0.009941817133050079996
 0.00999999999994694716
 0.01000000000000000194
0.009999999941810224294
 0.00946090210819465309
0.009229213020455508815
 0.01000000000000000021
 0.01000000000000000021
0.009999968358718342928
0.009999999999716825683
0.009999999999578687918
0.009898782884976921673
 0.01000000000000000021
0.009999999999999995004
0.009680984107065450373
 0.01000000000000000021
 0.01000000000000000021
0.009999853898096374566
0.004437356763289976302
 0.01000000000000000021
0.009785861273893498025
0.009710124682497513898
 0.01000000000000000021
0.009813043033303901763
0.009999999999999998473
 0.01000000000000000021
0.009749168420674025892
0.009747819277595163451
0.009990133410848671056
0.009999999999999998473
 0.01000000000000000021
 0.01000000000000000194
 0.01000000000000000194
0.009999999998540462856
0.009998025885944037544
0.009999999294600049951
0.009999999564363577439
 0.01000000000000000021
 0.00949959829241865672
0.009998272910984505601
0.009999991230606939535
0.009849977049543497121
 0.01000000000000000021
0.009999963822127087495
 0.00999999744703802991
0.009999772152005743583
0.009999999999986790289
 0.01000000000000000021
0.009999998122869845768
0.009792738278744290287
0.008880012893752812705
0.009999999999999998473
0.006105286463076683469
 0.01000000000000000021
 0.01000000000000000021
0.009999999999999998473
0.009588114115084209535
0.009996451018186455761
 0.01000000000000000021
0.009999999978087236938
0.009999946512742928853
0.009999999635264211761
0.009999771710385945561
0.009999965280292188313
0.009133929747385582942
0.009999999999999972453
 0.01000000000000000021
0.009690604237665722404
0.009999998942889522929
  0.0099999999990802238
 0.01000000000000000021
 0.00999999999996545666
0.009481395935556944515
0.009134005806589590853
 0.01000000000000000021
0.009691438010599382619
 0.01000000000000000021
0.009920472136541194641
0.009998624305943370691
0.009999999999999722652
0.009510417686605890375
0.009335988839981181758
0.009822491687146680736
0.009995172157423940287
0.009999998764293135251
0.009699928258560440442
0.009999999986368489358
0.009999999992861960049
0.009999999908335622731
 0.01000000000000000021
 0.00999999855630952228
0.009999999999999930819
 0.01000000000000000021
0.009632539680021739298
0.008650535211184064155
 0.00999999999968293786
0.009999999999984915053
0.009999999944039486208
0.009999999997605847624
0.009448863124315301162
0.009998306566969020551
0.009999429631920866979
 0.01000000000000000021
0.009785929989633122481
0.008055278487783090746
0.005956361509864369769
 0.01000000000000000021
0.009822894416071346196
0.009972981219278566345
 0.01000000000000000021
0.007541730620468332924
 0.00999999999882352289
0.009999999999999134581
0.009999999999999700101
0.009995154317962330962
0.009995448118203551641
0.009999876664351987909
 0.00999939000470070373
0.009988592434601753153
0.009660497341972159452
0.009999998485051455124
 0.01000000000000000021
0.009984238881621981462
0.009999999991805515187
0.009955183584620771325
 0.01000000000000000194
0.009999999999999998473
0.008482638376875420438
 0.01000000000000000021
0.009999999999995087471
 0.00999940764549322493
0.006836127724418119243
 0.01000000000000000194
0.009904367406446967087
0.009999999756962999961
 0.01000000000000000021
 0.01000000000000000021
 0.01000000000000000194
0.009999999999999998473
 0.01000000000000000021
0.009998754764190525418
0.009999999999997555983
0.009999999999999998473
 0.01000000000000000021
0.009999977885364235222
 0.01000000000000000021
 0.00792128347989951194
0.009842482891026649652
 0.01000000000000000021
0.005140604923760161253
 0.01000000000000000194
 0.01000000000000000021
 0.01000000000000000021
 0.01000000000000000021
0.009998225321527649465
 0.00999997835141594113
0.009771860313893989194
0.009999999999998178749
 0.01000000000000000021
0.009623424752434677279
0.009997227018671606819
0.009999999928164183399
 0.01000000000000000021
 0.01000000000000000194
0.009988186629002771336
 0.01000000000000000194
 0.01000000000000000021
0.009822084173300311624
 0.01000000000000000021
0.009776498262080317303
0.009999830423665572593
 0.01000000000000000021
 0.00995546206448794449
0.009673188678966576637
0.009749396007008099413
0.009766007009488394605
0.009379897060781338183
0.009929565469685059514
0.009999999999999523159
0.009405303659691005222
0.009999999999999998473
0.009999999631509754947
 0.01000000000000000021
 0.01000000000000000021
 0.01000000000000000194
 0.01000000000000000021
 0.01000000000000000194
0.009999999999994919203
0.009999999999999998473
