0.009963872187482555876
 0.01000000000000000021
0.009999999991344803857
 0.01000000000000000021
 0.01000000000000000021
0.009997630476146813355
 0.01000000000000000021
0.008875404198302084754
0.009994014804315241862
0.009936329211709782339
 0.01000000000000000021
 0.01000000000000000021
 0.01000000000000000021
 0.01000000000000000021
0.009998884625067946605
 0.01000000000000000021
0.009999999999999998473
0.009999976349879360557
0.009999169562156627264
0.009999999999999998473
 0.01000000000000000021
 0.01000000000000000021
 0.00999961222093238844
 0.01000000000000000021
 0.01000000000000000194
0.009999999999999998473
0.009666119920058894449
0.007705151459455050755
 0.01000000000000000021
 0.01000000000000000021
0.009933750611993353435
0.009916137217013527155
0.009999992497359999621
0.009999999999999998473
 0.01000000000000000021
 0.01000000000000000021
0.009018449866183001623
0.009123519226901466439
0.009999999999999948166
 0.01000000000000000021
0.009989297118416276197
0.009374321655943032225
 0.00992335374533918381
0.009999999999999693162
0.009999999996300627803
0.009999019563756452594
0.009999999999868528985
 0.00999887813605486106
0.009999999999996404126
 0.01000000000000000021
 0.01000000000000000021
 0.01000000000000000021
0.009997586786640538445
 0.01000000000000000194
0.009999999999383944391
 0.01000000000000000021
0.009999966269257315118
0.009999999999999998473
 0.01000000000000000021
0.009999852869468084382
0.009787032254359466846
0.006873315549214937051
0.009993213675873724097
 0.00999954462545974386
 0.00986578116946659929
0.009871640825641618544
0.009999999999997483124
 0.00999998760833359715
 0.01000000000000000021
0.008714941989445307291
0.009999999999999998473
 0.01000000000000000194
0.009999999999829914041
0.009999999999999998473
 0.01000000000000000368
 0.00999999999999961163
0.009999999725346989804
0.009998978524014805885
0.009821576813987984919
0.009614820689351533806
 0.01000000000000000021
0.009999999999996027691
0.009999896977460859954
0.009999999999347522137
 0.01000000000000000194
0.009997215417787686659
 0.01000000000000000021
0.009920615830795606604
0.009999999999994605218
 0.01000000000000000194
0.007462936417277322813
0.009974723392614907175
0.009999999999374340962
0.009999999973099991946
0.009719153303273626171
0.009407991258629701953
0.009999999999999993269
0.009977760198894991203
 0.01000000000000000021
0.009984047676433318447
0.009999993697332497725
0.009999659316315048091
0.009999980317427249743
0.009999853528318078041
0.009997021737827667051
0.009898227476239463557
 0.01000000000000000194
 0.00999992644151962741
  0.0099999999999999898
0.009999999999992728247
0.009995357411592730237
 0.01000000000000000021
 0.01000000000000000194
0.008217202747033240662
0.009999999994087342692
0.009983559158990575402
 0.01000000000000000194
0.009999999999999998473
 0.01000000000000000194
 0.00940955229736058045
 0.01000000000000000194
0.009999999999999998473
0.009999999943976390845
 0.00953740109175918796
0.009999999999999998473
0.009999999999999507547
 0.01000000000000000021
 0.00999999996960607325
 0.01000000000000000021
0.009997713697503093563
 0.01000000000000000021
 0.01000000000000000021
 0.01000000000000000021
 0.00999999983543564501
 0.01000000000000000021
0.009883733647690311555
0.009999999999998471917
 0.01000000000000000194
 0.01000000000000000021
 0.00799780165759807031
0.008554372167730429563
0.009999993290211934768
0.009707220756179827867
0.009984209514066417004
 0.00998774436151851977
0.009999999999999998473
0.009999999999999998473
0.009972589931072379371
0.009999999999999998473
0.009999999999991881702
 0.01000000000000000021
0.009999999986362024043
 0.00998840852030136693
0.009999959188973953778
0.009999998711303836538
 0.01000000000000000021
0.009763614937561476692
 0.01000000000000000021
0.009999999952256753352
0.009963139187393598231
0.008230254604602638135
 0.00999998967613009368
 0.01000000000000000021
0.008725405419968326054
0.009999999999993024885
0.009995311236144648753
0.009999999999999995004
0.009995013159343476422
0.009999999999999998473
 0.00999864507601715656
0.009999823217678064508
0.009999999999841469034
0.009999613921919522572
0.009018749012571753917
 0.01000000000000000021
0.009999719571698284862
0.009999961278592350497
 0.01000000000000000021
 0.00746193230565395365
  0.0099187619080798161
 0.01000000000000000021
 0.00939083719999813521
 0.01000000000000000194
0.009998366837792239947
 0.01000000000000000194
0.009999999999999821532
0.009943694923405299591
  0.0099982493368470024
0.009966647871576249026
0.009907799004047104785
0.009999999979740855152
0.007900412809822314128
0.009999999999846870963
0.009999778382332175433
0.009999992765633783018
0.008532107419959097591
0.009999999999999474587
0.009990603937012803096
0.009999999999999998473
0.008242356292849202515
 0.01000000000000000021
 0.01000000000000000021
0.009999999999828111663
0.009889232755561068108
0.009999999999984264532
 0.00999007483744517033
0.009996679167288441414
0.009251442744497403309
0.009999999573372162984
0.009989847987487305084
 0.01000000000000000021
 0.01000000000000000021
0.009999998310034044838
 0.01000000000000000021
0.009999733884098896755
0.008221534110931386433
0.009999999999773525119
 0.01000000000000000021
0.009967427021751110519
 0.01000000000000000194
0.009999999999999996739
 0.01000000000000000021
 0.01000000000000000021
0.009996829228568360898
0.007278238656974416083
0.009995448030377759863
0.009658171005763717745
0.009378049030503618141
0.009744908149746897216
0.009998637521674015941
0.009999890618329858663
 0.01000000000000000021
0.009372380766042395783
0.009999999999999998473
0.009999999999999998473
0.009999957229516810361
 0.01000000000000000021
 0.00999999968891502472
0.009952250848661997606
0.009988795334904565851
0.009988688378947048127
0.009492709960947120704
0.009999999999999991535
0.009999998322754532695
0.009930152823769163375
0.009999999998290891659
 0.01000000000000000021
 0.00998865825292481746
 0.01000000000000000021
0.009998477092866575947
0.009999999999995628705
0.009998609032642160124
 0.01000000000000000021
 0.00999998666111828402
0.008794166967708029123
 0.01000000000000000194
 0.01000000000000000021
0.007976121230932962936
 0.00999999997206991488
 0.01000000000000000021
0.009666801831990600585
 0.01000000000000000021
0.009999996218511664203
0.009999999996787863055
0.009999995647690357314
0.009783050753881149947
0.004078767903020539057
0.009198715771970789046
 0.01000000000000000021
 0.00992440089848942858
0.009999999999999809389
 0.01000000000000000021
0.009999999999943484652
0.009992033160352613991
 0.01000000000000000021
0.009999999999999998473
 0.01000000000000000021
 0.01000000000000000021
0.009999999999999996739
0.009505234433242767608
0.009688723220439968142
0.009999999915784036145
0.009999876206644669682
 0.01000000000000000021
 0.01000000000000000021
0.009999999999988488583
0.009999930430307748391
 0.01000000000000000021
0.008833062665012445316
0.009999998648504367788
0.009876498868394721631
0.009994913322226205155
 0.01000000000000000021
0.009999999999999481526
0.009967412244399169452
0.008946780412783917821
0.009999999981801696233
0.009999999999999998473
 0.01000000000000000194
0.009999446554155541275
0.009972716618479003647
0.009999999999999998473
 0.01000000000000000021
 0.01000000000000000021
0.009996164904620769009
0.009999998580106918625
0.009993349458600723698
 0.01000000000000000021
0.009926274409228256004
0.009355110803759275964
 0.01000000000000000194
0.009999999997133513646
0.009897329056261932462
0.009955589420205695692
0.009999999999956434363
 0.01000000000000000194
0.009999999950987010361
0.009217035557353623482
0.009304109415425943289
 0.01000000000000000021
 0.01000000000000000194
0.009999973933954608638
0.009999999999765434369
0.009999999999653475316
0.009912244553457001325
 0.01000000000000000021
0.009999999999999995004
  0.0098694796343673976
 0.01000000000000000021
0.009999999999999998473
0.009999882571650641622
0.003749093497152394556
 0.01000000000000000021
0.009673056262313024789
0.009815819171006894342
 0.01000000000000000021
0.009857922647697150986
0.009999999999999998473
 0.01000000000000000021
0.009646358958065450601
0.009699049822755699893
0.009985068237786271297
0.009999999999999996739
 0.01000000000000000021
 0.01000000000000000021
 0.01000000000000000194
0.009999999998793883405
 0.00999828073871900265
0.009999999430375839868
0.009999999631214841547
 0.01000000000000000021
0.008954928606012773837
0.009998321105761206334
0.009999992799640382637
0.009856123427584073671
 0.01000000000000000021
0.009999970235897159831
0.009999997866307931693
0.009999785263034556559
0.009999999999989144309
 0.01000000000000000021
0.009999998419452441056
 0.00971795413750299944
0.008340888600422797713
 0.01000000000000000021
0.005248901393799516694
 0.01000000000000000021
0.009999999999999998473
0.009999999999999998473
0.009612475734658476947
0.009997233448595087626
 0.01000000000000000021
0.009999999981952318803
0.009999956768849136216
0.009999999702015828149
0.009999791918828927068
0.009999971779157627166
0.008627706942622584765
0.009999999999999977657
 0.01000000000000000021
 0.00978364101787074919
0.009999999122733674653
0.009999999999242469018
 0.01000000000000000021
0.009999999999971554213
0.009716245632712783298
0.008322087044045033827
 0.01000000000000000021
0.008718798671327290459
 0.01000000000000000021
0.009902667854945056136
0.009998834906454402705
0.009999999999999771225
0.009809873166674904985
0.009615125885302536549
0.009825191295786293508
 0.00999628673374342025
0.009999998985467313181
0.009837372750592134063
0.009999999988861829961
0.009999999994113622018
0.009999999923936500959
 0.01000000000000000021
0.009999998812362492773
0.009999999999999941228
 0.01000000000000000021
0.009879011740426690488
0.007734826584463344243
0.009999999999738880957
0.009999999999987498056
0.009999999953466285826
0.009999999998017665773
0.009386266814785281659
0.009998536330848075207
0.009999494726723092558
 0.01000000000000000021
0.009890485729547867505
0.008140608260269790661
0.005533003934601486359
 0.01000000000000000021
0.009707124480409414641
0.009977935848263669652
 0.01000000000000000021
0.008716182918276946939
0.009999999999033913622
0.009999999999999282033
0.009999999999999752143
0.009995499745367225977
0.009995231554128002419
0.009999895098509998734
0.009999467780252662558
0.009990126506087115138
0.009645473762529385015
0.009999998767182915679
 0.01000000000000000021
0.009984781155894607851
0.009999999993226179121
0.009954877527834013473
 0.01000000000000000194
0.009999999999999998473
0.009126981944792812718
 0.01000000000000000021
0.009999999999995930547
0.009999526994838654065
0.009500921546282776672
 0.01000000000000000194
0.009910714559596814355
0.009999999801484192249
 0.01000000000000000021
 0.01000000000000000021
 0.01000000000000000194
0.009999999999999998473
 0.01000000000000000021
0.009998939737308998668
0.009999999999997975786
0.009999999999999998473
 0.01000000000000000021
0.009999981919363336996
 0.01000000000000000021
0.009474971638977730537
0.009787793001001354742
 0.01000000000000000021
0.004586376812880468314
 0.01000000000000000194
 0.01000000000000000021
 0.01000000000000000021
 0.01000000000000000021
0.009998648791264330704
 0.00999998174055693502
 0.00963413645530544413
0.009999999999998494468
 0.01000000000000000021
0.009806493964586861234
0.009997628061192708609
 0.00999999994080726963
 0.01000000000000000021
 0.01000000000000000194
0.009988911149185417115
 0.01000000000000000194
 0.01000000000000000194
 0.00975767085685798688
0.009999999999999998473
0.009514306428498577051
0.009999855082747831359
 0.01000000000000000021
0.009944420494295974633
0.009834666827711866649
0.009571052906845980285
0.009940322426202267622
0.009475422206113527993
0.009958096447739617565
0.009999999999999606426
0.009784065357339315899
0.009999999999999998473
0.009999999693701303732
 0.01000000000000000021
 0.01000000000000000021
 0.01000000000000000194
 0.01000000000000000021
 0.01000000000000000194
 0.00999999999999575187
0.009999999999999998473
