 0.00995373866502139229
 0.01000000000000000021
0.009999999993720453881
 0.01000000000000000021
 0.01000000000000000021
0.009998456196373559091
 0.01000000000000000021
0.009158862141744198229
0.009991128871506596218
 0.00983542909859881978
 0.01000000000000000021
 0.01000000000000000021
 0.01000000000000000021
 0.01000000000000000021
 0.00999920341168410165
 0.01000000000000000021
0.009999999999999998473
0.009999982990685376757
0.009999390852996333651
 0.01000000000000000021
 0.01000000000000000021
 0.01000000000000000021
0.009999702618184367481
 0.01000000000000000021
 0.01000000000000000021
 0.01000000000000000021
0.009807409393868024572
0.008798681900932298419
 0.01000000000000000021
 0.01000000000000000021
0.009950999369603514763
0.009904955923794729958
0.009999994520090937228
0.009999999999999998473
 0.01000000000000000021
 0.01000000000000000194
0.008971812921507687014
0.009304824046466080717
0.009999999999999962044
 0.01000000000000000194
0.009990888949143014036
 0.00984048694733885565
0.009966669441683291553
0.009999999999999776429
0.009999999997316029107
0.009999309681776782227
0.009999999999904524497
0.009999183508341995263
0.009999999999997392919
 0.01000000000000000021
 0.01000000000000000021
 0.01000000000000000021
0.009996572307566337426
 0.01000000000000000194
0.009999999999551506535
 0.01000000000000000021
0.009999975488240669605
0.009999999999999998473
0.009999999999999998473
0.009999894060755331812
0.008162643543002591484
0.006811634963093927964
0.009995507327161496508
 0.00999965573514525162
0.009922248752258208682
0.007454374275261199841
0.009999999999998164871
0.009999990909315402757
 0.01000000000000000021
 0.00874686227009506545
0.009999999999999998473
 0.01000000000000000021
0.009999999999876205137
 0.01000000000000000021
 0.01000000000000000368
0.009999999999999717448
0.009999999801840266794
0.009999267900019127853
0.009880352181528247527
0.007935860174921932284
 0.01000000000000000021
0.009999999999997101485
0.009999923785268354653
0.009999999999526052938
 0.01000000000000000194
0.009997961881016939611
 0.01000000000000000021
0.009893504674331738899
0.009999999999996084937
 0.01000000000000000194
0.009124228513339043001
0.009977188545524196678
0.009999999999545912052
0.009999999980356591781
 0.00950243709743393318
0.008649540959105578644
0.009999999999999995004
0.009978712820550492829
 0.01000000000000000021
 0.00998727111038064802
 0.00999999544799162407
0.009999756231025131586
0.009999985768461706892
0.009999878629216411852
0.009997611477005154124
 0.00991013262415144959
 0.01000000000000000021
0.009999942089235679121
  0.0099999999999999898
0.009999999999994705832
0.009996406913960087515
 0.01000000000000000021
 0.01000000000000000194
 0.00907608024094368887
0.009999999995693406932
0.009989849276058714381
0.009999999999999998473
0.009999999999999998473
 0.01000000000000000368
0.009641739122865530115
 0.01000000000000000021
 0.01000000000000000021
0.009999999959326268464
0.008558838522596508638
0.009999999999999998473
0.009999999999999642855
 0.01000000000000000021
0.009999999977762919975
 0.01000000000000000021
0.009998278344514542962
 0.01000000000000000021
 0.01000000000000000021
 0.01000000000000000194
0.009999999877706236551
 0.01000000000000000021
0.009919539395304034085
 0.00999999999999889172
 0.01000000000000000194
0.009999999999999998473
 0.00911669641934389173
 0.00853219598593096297
0.009999995045219317244
 0.00815217556862812831
0.009988758881606919771
0.009973005360915160669
0.009999999999999998473
 0.01000000000000000021
0.009979907202962413904
0.009999999999999998473
0.009999999999994103883
 0.01000000000000000021
 0.00999999999010520689
0.009975149079042764516
0.009999970711085688982
0.009999999061244581322
 0.01000000000000000021
0.006309895757280432199
 0.01000000000000000021
0.009999999965208406991
0.009953417290756577662
0.008612556435489507681
 0.00999999256987753847
 0.01000000000000000021
0.008199457045692214174
 0.00999999999999493655
 0.00999635903599222983
0.009999999999999995004
0.009990776420031204086
0.009999999999999998473
0.009998918532907109802
0.009999868784355084653
0.009999999999884469359
 0.00999960601181165698
0.009852673606504649614
 0.01000000000000000021
0.009999796768042220133
0.009999971660058603121
 0.01000000000000000021
0.008797558651532052729
0.009943845945140911483
 0.01000000000000000021
0.009684588156916735732
 0.01000000000000000021
0.009998623564505506461
 0.01000000000000000194
0.009999999999999870104
0.009970116668681590355
0.009997870617011734087
0.009979859868292523598
0.009928330651211887334
0.009999999985245325296
 0.00941174959357637432
0.009999999999888806168
0.009999840747952650627
0.009999994726700069808
0.007945984092756838355
0.009999999999999616834
0.009992453049157513228
0.009999999999999998473
  0.0082046110187035063
 0.01000000000000000021
 0.01000000000000000021
0.009999999999875495635
0.009865991198258729916
0.009999999999988578789
0.009991706031265564295
0.009997595843703589377
 0.00893267397523828631
0.009999999690998843949
0.009987647213941052912
0.009999999999999998473
 0.01000000000000000021
 0.00999999875562008339
 0.01000000000000000021
0.009999791789448368717
0.009704964723104924848
0.009999999999835269132
 0.01000000000000000021
0.009973362095147849174
 0.01000000000000000021
0.009999999999999998473
 0.01000000000000000021
 0.01000000000000000021
0.009997841157503097737
0.008980523056787955219
0.009995482063265703418
0.009493028264715241624
0.007016660022848214724
0.007294807548476560551
0.009998887952146182784
0.009999918639814130497
0.009999999999999998473
0.008924022264122772469
0.009999999999999998473
 0.01000000000000000021
0.009999967344504038375
 0.01000000000000000021
0.009999999771972837084
0.009963759416195353338
0.009989444380210522889
0.009988957923338233694
0.005776139829428563605
0.009999999999999993269
0.009999998786178488155
0.009071287379386481359
 0.00999999999875937802
 0.01000000000000000021
0.009989874395581917199
 0.01000000000000000021
0.009998855812460336057
0.009999999999996825664
0.009998137984804179867
 0.01000000000000000021
0.009999990427443596411
0.009198162363940184591
 0.01000000000000000021
 0.01000000000000000021
0.009340119929231786161
0.009999999979525735563
 0.01000000000000000021
0.009654234293427972277
 0.01000000000000000021
0.009999997207723704609
0.009999999997667652352
0.009999996811371736002
0.009853143566562904201
0.003779246748953694196
0.009689934916400690448
 0.01000000000000000021
0.009931137425031455815
 0.00999999999999986143
 0.01000000000000000021
0.009999999999958784913
0.009994648321399219812
 0.01000000000000000021
0.009999999999999998473
 0.01000000000000000021
 0.01000000000000000021
0.009999999999999996739
0.009205878589542196982
0.009642333506416005812
0.009999999938995925153
0.009999911217725669307
 0.01000000000000000021
 0.01000000000000000021
0.009999999999991609351
0.009999949519842310855
 0.01000000000000000021
 0.00840237494926466752
0.009999998967441419903
0.009343876253146622679
0.009996202685638310922
 0.01000000000000000194
0.009999999999999623773
0.009936323098744679477
0.007430031108800493056
0.009999999986434526811
0.009999999999999998473
 0.01000000000000000194
0.009999607126882416666
0.009978276628119999922
 0.01000000000000000021
 0.01000000000000000021
 0.01000000000000000021
0.009996014193475755497
0.009999998960041089555
0.009995071046895906766
 0.01000000000000000021
0.004344985336745396318
 0.00869653787004602552
 0.01000000000000000194
0.009999999997920339112
0.004669516533980844208
0.009961154335251751549
0.009999999999968397016
 0.01000000000000000194
0.009999999963872630016
0.009828147906021992425
0.009497645535823029048
 0.01000000000000000021
 0.01000000000000000021
0.009999981046428293302
0.009999999999829024128
0.009999999999748467039
0.009920289234893202648
 0.01000000000000000021
0.009999999999999996739
0.009632311976425908182
 0.01000000000000000021
0.009999999999999998473
0.009999915114615594638
0.003720217594660591657
 0.01000000000000000021
 0.00929525770247169314
0.009599574236489919268
 0.01000000000000000021
0.007378870060237611821
 0.01000000000000000021
 0.01000000000000000021
 0.00973889981953813752
0.007540544469934943109
 0.00998661128542203784
0.009999999999999998473
0.009999999999999998473
 0.01000000000000000021
 0.01000000000000000194
0.009999999999122790445
0.009998691274110901167
0.009999999591792024106
0.009999999727272914501
 0.01000000000000000021
0.009269801770374267239
0.009998522905080407461
0.009999994782816396671
0.009803575941183874029
 0.01000000000000000194
0.009999978291949568332
 0.00999999843584447809
0.009999826736026529508
0.009999999999992121094
 0.01000000000000000021
0.009999998833958420943
0.009633202593478223594
0.008385502209073681518
 0.01000000000000000021
 0.00461756969279999898
 0.01000000000000000021
 0.01000000000000000021
0.009999999999999998473
0.009741083127906620398
0.009998169398242585937
 0.01000000000000000021
0.009999999986882784561
0.009999968438244931368
0.009999999784311864454
0.009999835911016812656
0.009999979686946014815
0.008669654657503259032
0.009999999999999984596
 0.01000000000000000021
0.009667029767250621269
0.009999999361013645061
0.009999999999449504795
 0.01000000000000000021
0.009999999999979330978
0.009756346626610000808
0.009374636714216818059
 0.01000000000000000021
0.008445731145013799304
 0.01000000000000000021
0.009954569925543707565
0.009999084134743270458
0.009999999999999835409
0.009757328600686988873
0.009638777935477158693
0.009855371393782851736
0.009997290814995488453
0.009999999264824310785
 0.00809997973946999239
0.009999999991937463459
0.009999999995716154361
0.009999999944416080797
 0.01000000000000000021
0.009999999137207324362
 0.00999999999999995684
 0.01000000000000000021
0.006378462979075349114
0.009348794696714424549
 0.00999999999981025095
0.009999999999990882502
0.009999999965952972858
0.009999999998555390152
 0.00744422241342274256
0.009998886138519003791
0.009999610736693500396
 0.01000000000000000021
0.009882262984904088138
0.008394325179476682872
 0.00479609302496647287
 0.01000000000000000021
0.006900310421813141484
0.009986471167041178001
 0.01000000000000000021
0.009035731645478413745
0.009999999999299390499
0.009999999999999476322
0.009999999999999819797
0.009996464227517962847
0.009994184608360967212
0.009999922342339886971
0.009999597456727496794
0.009991185289650978199
0.009515907388576329631
0.009999999110641947728
 0.01000000000000000021
0.009988127101528096116
 0.00999999999507270726
0.009961664101797329529
 0.01000000000000000194
0.009999999999999998473
0.008378487484818055928
 0.01000000000000000021
0.009999999999997035566
0.009999658345663780395
0.009670449648561726258
 0.01000000000000000194
0.009920501984322125516
0.009999999856323172828
 0.01000000000000000021
 0.01000000000000000021
 0.01000000000000000194
 0.01000000000000000021
 0.01000000000000000021
0.009999215641784253011
0.009999999999998525693
0.009999999999999998473
 0.01000000000000000021
0.009999986907264188027
 0.01000000000000000021
0.009454653887694678543
0.009782537345036482895
 0.01000000000000000021
0.003729830084658821571
 0.01000000000000000021
 0.01000000000000000021
 0.01000000000000000021
 0.01000000000000000021
0.009998898801845857928
0.009999986547938296069
0.009832062661987609614
0.009999999999998903863
 0.01000000000000000021
0.009834532305645597369
0.009998219092875116482
0.009999999957025100528
 0.01000000000000000021
 0.01000000000000000021
 0.00999109046182260728
 0.01000000000000000194
 0.01000000000000000021
0.009732478965021901934
 0.01000000000000000021
0.009888507679179486462
0.009999892443510837239
0.009999999999999998473
0.009959218289903475074
0.009761103873557882421
0.005869354088708142632
0.008727982241820708004
0.009398687902063457972
  0.0099589834023753529
0.009999999999999713979
0.009286473754161772912
 0.01000000000000000021
0.009999999776303987106
 0.01000000000000000021
 0.01000000000000000021
 0.01000000000000000194
 0.01000000000000000021
 0.01000000000000000021
 0.00999999999999688638
0.009999999999999998473
