0.009946373237450649094
 0.01000000000000000021
0.009999999989251323954
 0.01000000000000000021
 0.01000000000000000021
0.009996893690054731857
 0.01000000000000000021
0.009350403360997672914
0.009995396863491594341
0.009887754851459307909
 0.01000000000000000021
 0.01000000000000000021
 0.01000000000000000021
 0.01000000000000000021
0.009998727751595392482
 0.01000000000000000021
0.009999999999999998473
0.009999970734111619103
0.009998992872072069021
0.009999999999999998473
 0.01000000000000000021
 0.01000000000000000021
0.009999589357398343259
 0.01000000000000000021
 0.01000000000000000194
 0.01000000000000000021
 0.00955952969344961781
0.008320590182376737948
 0.01000000000000000021
 0.01000000000000000021
0.009918670035973421381
0.009928667537472441948
0.009999990850623035818
0.009999999999999998473
 0.01000000000000000021
 0.01000000000000000021
0.009653616454939372912
0.007885817408237407247
0.009999999999999934289
 0.01000000000000000021
0.009982212831518235199
0.009618552665304853574
0.009933498354312569542
0.009999999999999616834
0.009999999995405788045
0.009998743616627517317
0.009999999999837704684
 0.00999854887876852616
0.009999999999995541969
 0.01000000000000000021
 0.01000000000000000021
 0.01000000000000000021
0.009998573920319735533
 0.01000000000000000194
0.009999999999242639021
 0.01000000000000000021
 0.00999995956188465436
0.009999999999999998473
 0.01000000000000000021
0.009999823938829198108
0.007074156314251523955
0.008059814164171017273
 0.00999169590737753778
0.009999479492408385253
0.009780508185708667451
0.009307584154271379348
 0.00999999999999691587
0.009999985094691805909
0.009999999999999998473
0.008944234759609837396
0.009999999999999998473
 0.01000000000000000194
0.009999999999790669392
0.009999999999999998473
 0.01000000000000000368
0.009999999999999517955
0.009999999654727746712
0.009998699707944740805
0.009831200361206344357
0.009153181796023332137
 0.01000000000000000021
0.009999999999995137778
0.009999874638870654905
0.009999999999193534203
 0.01000000000000000194
0.009996596956355149541
 0.01000000000000000021
 0.00983113689337044433
 0.00999999999999330938
 0.01000000000000000021
0.006117246262924293243
0.009972072190605207193
0.009999999999224240543
0.009999999967183903146
0.009758760598325373625
0.008512642276894412732
  0.0099999999999999898
0.009977138245897259131
 0.01000000000000000021
0.009987877356074661983
0.009999992129550654141
0.009999556588678308947
0.009999976035905843233
0.009999857081095610278
0.009996843196794918951
0.009953473293080260589
 0.01000000000000000194
0.009999913454748775993
 0.00999999999999998633
0.009999999999991059443
0.009993353901862475283
 0.01000000000000000021
 0.01000000000000000194
0.007211530049840976682
0.009999999992755430681
0.009973112200755300527
0.009999999999999998473
0.009999999999999998473
 0.01000000000000000194
0.008736444538693127759
 0.01000000000000000194
0.009999999999999998473
0.009999999930843068291
0.009623506546674282652
0.009999999999999998473
 0.00999999999999939132
 0.01000000000000000021
0.009999999962530701711
 0.01000000000000000021
0.009997647322222807595
 0.01000000000000000021
 0.01000000000000000021
 0.01000000000000000021
0.009999999806328204593
 0.01000000000000000021
0.009725676771532897405
0.009999999999998112829
 0.01000000000000000194
 0.01000000000000000021
0.008142380314833814678
0.009399155369967661725
 0.00999999196532528993
0.009371649596036271679
0.009976613637071519297
0.009986625150744129695
0.009999999999999998473
0.009999999999999998473
0.009979273999618664195
0.009999999999999998473
0.009999999999989956159
 0.01000000000000000021
0.009999999983064429207
0.009983507206102318343
0.009999949465149310726
0.009999998413529356117
 0.01000000000000000021
  0.0096580625389915669
 0.01000000000000000021
0.009999999940744705093
 0.00996632825873660852
0.005500313517581313476
0.009999987012904524783
 0.01000000000000000021
0.008047215704104070111
0.009999999999991350877
0.009994933777176081419
0.009999999999999991535
0.009996921404231657454
 0.01000000000000000021
0.009998470942878832923
0.009999792849243890891
0.009999999999805386786
0.009999718727990535364
0.008938437299237754832
 0.01000000000000000021
0.009999649102189905187
0.009999952218117844419
 0.01000000000000000021
0.007874471646556571378
0.009915077575024590015
 0.01000000000000000021
0.008863247482959992624
 0.01000000000000000194
0.009998752847954676601
 0.01000000000000000194
0.009999999999999778164
0.009938224012139958152
0.009998662926990226074
0.009949140741309019792
0.009947708794129156082
  0.0099999999750375098
0.008932392342760749407
0.009999999999810981269
0.009999707323095562497
0.009999991081989442754
0.008467902221168539453
0.009999999999999351422
0.009991331706931342455
0.009999999999999998473
 0.00787753255699813644
 0.01000000000000000021
 0.01000000000000000021
0.009999999999785430527
0.009853859229370539458
0.009999999999980503651
0.009990884933178892022
0.009995749472283144837
0.007926214833830543677
0.009999999466303765433
0.009993164944731500188
 0.01000000000000000021
 0.01000000000000000021
0.009999997979470542919
 0.01000000000000000021
0.009999706002027248727
0.008691673402430622267
 0.00999999999972094912
 0.01000000000000000021
0.009950584682028657674
 0.01000000000000000194
0.009999999999999998473
 0.01000000000000000021
0.009999999999999998473
0.009996026795816447333
0.005326704091310723553
0.009995202745861913804
0.009451856432016680909
0.008863477892147223966
0.005180118698847308197
0.009998316534765544494
0.009999869088840238757
 0.01000000000000000021
0.009072457443352154385
0.009999999999999998473
 0.01000000000000000021
0.009999951286499008524
 0.01000000000000000021
0.009999999623436691895
0.009957638064270602288
0.009983125221872862776
0.009983096913273641071
0.009054445108292341615
0.009999999999999988065
0.009999997918788829793
0.008437608872546759758
0.009999999997887067116
 0.01000000000000000021
0.009988133074857933821
 0.01000000000000000021
0.009998201691188710397
0.009999999999994596545
0.009999100176943949425
 0.01000000000000000021
0.009999983187650978572
0.005516228423196059549
 0.01000000000000000194
 0.01000000000000000021
0.008371310372456204629
0.009999999966145391855
 0.01000000000000000021
0.009797100587038117328
 0.01000000000000000021
 0.00999999551485008728
0.009999999996035249805
 0.00999999471393278605
 0.00953863459993189132
0.005619964619152437516
0.009478715557283308446
 0.01000000000000000021
0.009953466253364221319
0.009999999999999767755
 0.01000000000000000021
0.009999999999930814232
0.009988086535086185616
 0.01000000000000000021
0.009999999999999998473
 0.01000000000000000021
 0.01000000000000000021
0.009999999999999996739
0.009115812874519575726
0.009485568137863177249
 0.00999999989487970059
0.009999846680613514935
 0.01000000000000000021
 0.01000000000000000021
0.009999999999985886498
0.009999913527539336031
 0.01000000000000000021
 0.00899392494532925274
0.009999998480149364238
 0.00954248624988076298
0.009995489989087776722
 0.01000000000000000194
0.009999999999999354891
0.009951112501214668532
0.009004817271985441143
0.009999999978721474392
0.009999999999999998473
 0.01000000000000000194
0.009999311300351098469
0.009960350893788333035
0.009999999999999998473
 0.01000000000000000021
 0.01000000000000000021
0.009996011651964993236
0.009999998275985808385
0.009991835584946059598
 0.01000000000000000021
0.004080133861591168747
0.008737908103917300939
 0.01000000000000000194
0.009999999996445633338
0.006115893425927734772
0.009926613875307003024
0.009999999999945918469
 0.01000000000000000194
0.009999999941314450733
0.009593341283886216639
0.009153552371235698995
 0.01000000000000000021
 0.01000000000000000021
0.009999967762738622493
  0.0099999999997124802
0.009999999999570876458
0.009901216496937035802
 0.01000000000000000021
0.009999999999999995004
0.008778753136268852356
 0.01000000000000000194
 0.01000000000000000021
0.009999849059150229744
0.005215009045421143893
 0.01000000000000000021
0.009761947511848150655
0.009808311045106852394
 0.01000000000000000021
0.007981576959435613197
0.009999999999999998473
 0.01000000000000000021
0.009775296485681594927
0.009473464827577547306
0.009989544688141073145
0.009999999999999998473
 0.01000000000000000021
 0.01000000000000000194
 0.01000000000000000194
0.009999999998517432667
0.009998036130155974616
 0.00999999927841991286
 0.00999999956153073237
 0.01000000000000000021
0.009645082063499047301
0.009998127494361127438
0.009999991070366280252
0.009804982410424054398
 0.01000000000000000021
0.009999963091013683303
0.009999997417858792759
0.009999779107157857547
0.009999999999986537019
 0.01000000000000000021
0.009999998104171042845
0.009729200913967209555
0.008593852664673353597
 0.01000000000000000021
0.006128870479154484123
 0.01000000000000000021
 0.01000000000000000021
0.009999999999999998473
0.009479645874670684924
0.009996607432315608027
 0.01000000000000000021
0.009999999977687877573
0.009999944417397039001
0.009999999627142640637
0.009999776045101814795
0.009999964561245576131
0.009586521250704417921
0.009999999999999970718
 0.01000000000000000021
0.009614621500604323898
0.009999998929054379829
0.009999999999063455963
 0.01000000000000000021
 0.00999999999996482869
0.009464969061317716689
0.006698551301049686553
 0.01000000000000000021
0.007431681520388607083
 0.01000000000000000021
0.009910119658738683612
0.009998616339600398251
0.009999999999999717448
 0.00973286994881952458
0.009098403932687234436
0.009832286203044238518
0.009994750910066685368
0.009999998741680208095
0.009233623234251905898
 0.00999999998606588246
0.009999999992731928647
 0.00999999990690042008
 0.01000000000000000021
0.009999998528413595392
 0.00999999999999992735
 0.01000000000000000021
0.005933988031388867483
0.006298610742192519742
0.009999999999677145618
0.009999999999984686069
0.009999999943214538459
0.009999999997568589233
0.007364232944752829857
 0.00999829349860141374
0.009999431640329582358
 0.01000000000000000021
0.009827538907131432716
0.006680205930493837187
0.006270940441436965995
 0.01000000000000000021
0.008197462509513038509
0.009974222936950520244
 0.01000000000000000021
0.006477818432363938693
0.009999999998800820564
0.009999999999999120703
0.009999999999999693162
0.009995306503091416425
0.009995274917424577452
0.009999876240966322841
0.009999395738032225076
0.009989069016103187953
 0.00969808465454271261
0.009999998449641089512
 0.01000000000000000021
0.009989342912036099434
0.009999999991677690353
0.009944968776522622456
 0.01000000000000000194
0.009999999999999998473
0.008721166081584885363
 0.01000000000000000021
0.009999999999995011143
 0.00999938555085557769
 0.00894521639503364184
 0.01000000000000000194
0.009904998317097081159
0.009999999751524053793
 0.01000000000000000021
 0.01000000000000000021
 0.01000000000000000194
0.009999999999999998473
 0.01000000000000000021
0.009998743311985301349
0.009999999999997514349
0.009999999999999998473
 0.01000000000000000021
0.009999977395973483341
 0.01000000000000000021
 0.00793199458331473109
0.009836031324413505028
 0.01000000000000000021
0.005461238478850210555
 0.01000000000000000194
 0.01000000000000000021
 0.01000000000000000021
 0.01000000000000000021
0.009998150943626800749
0.009999978197022061505
0.009655363871665684217
0.009999999999998150993
 0.01000000000000000021
0.009591607380155181897
0.009997198649976748314
0.009999999926936793682
 0.01000000000000000021
 0.01000000000000000194
0.009988593841623193484
 0.01000000000000000194
 0.01000000000000000021
0.009838832305887008911
0.009999999999999998473
0.009587385308019487004
0.009999830235029023504
 0.01000000000000000021
0.009956464915699715645
0.009458303931694686181
0.009676868349321739865
0.005367679339373454886
0.009585698805575875239
0.009941650793080515983
 0.00999999999999951622
  0.0071714181285054239
0.009999999999999998473
0.009999999626451684664
 0.01000000000000000021
 0.01000000000000000021
 0.01000000000000000194
 0.01000000000000000021
 0.01000000000000000021
0.009999999999994860223
0.009999999999999998473
