0.009997655935931378662
 0.01000000000000000021
0.009999999999315551183
 0.01000000000000000021
 0.01000000000000000021
0.009999875528938193675
 0.01000000000000000021
0.009949012470189070104
0.009999628755554847842
0.009994312151846679315
 0.01000000000000000021
 0.01000000000000000021
 0.01000000000000000021
 0.01000000000000000021
0.009999933574249010235
 0.01000000000000000021
 0.01000000000000000021
0.009999998255079623616
0.009999904848196853463
 0.01000000000000000021
 0.01000000000000000021
 0.01000000000000000021
0.009999969118710224855
 0.01000000000000000021
 0.01000000000000000021
 0.01000000000000000021
0.009986502940846134907
0.009953307852272733069
 0.01000000000000000021
 0.01000000000000000021
0.009990562162035383081
0.009993963291415105393
0.009999999442327420218
0.009999999999999998473
 0.01000000000000000194
 0.01000000000000000194
0.009967314006605495352
0.009978660390951285541
0.009999999999999996739
 0.01000000000000000021
0.009999306296230119767
0.009994647292390603649
 0.00999715188531351967
0.009999999999999975922
0.009999999999707442563
0.009999920054440752937
0.009999999999989895444
0.009999921905992125229
0.009999999999999719183
 0.01000000000000000021
 0.01000000000000000021
 0.01000000000000000021
0.009999900502535451555
 0.01000000000000000194
 0.00999999999995287818
 0.01000000000000000021
0.009999997728557268387
 0.01000000000000000021
0.009999999999999998473
0.009999990766704290601
0.009845799592435583794
0.009925651541065009381
0.009999546286724713198
 0.00999996745317868925
0.009996907045856637253
0.009392176154208991407
0.009999999999999807654
0.009999999098285528021
 0.01000000000000000021
0.009984534560228318367
0.009999999999999998473
 0.01000000000000000021
 0.00999999999998694121
 0.01000000000000000021
 0.01000000000000000021
0.009999999999999970718
0.009999999977757315084
0.009999925484311509086
 0.00999298211268817918
0.009838946835575372238
 0.01000000000000000021
0.009999999999999700101
0.009999991639131913801
0.009999999999949524959
 0.01000000000000000021
0.009999751399268248103
 0.01000000000000000021
0.009995305602372958273
0.009999999999999576936
 0.01000000000000000194
 0.00985644485508144555
0.009998906853812895498
0.009999999999950982127
0.009999999997982816913
0.009887242492977243308
0.009815790955552005162
 0.01000000000000000021
0.009997514209017179312
 0.01000000000000000021
0.009998189988362425965
0.009999999502790422878
0.009999967000732671099
0.009999998620005513469
0.009999992493748744229
0.009999792592218980855
 0.00998815246210522055
 0.01000000000000000021
0.009999993188405761901
 0.01000000000000000021
0.009999999999999443362
0.009999348458080301039
 0.01000000000000000021
 0.01000000000000000194
0.009978922933727490605
0.009999999999553838004
0.009998967654344248154
 0.01000000000000000021
0.009999999999999998473
 0.01000000000000000021
0.009954466834589023247
 0.01000000000000000021
 0.01000000000000000021
0.009999999995704222933
0.009847635275738394339
0.009999999999999998473
0.009999999999999962044
 0.01000000000000000021
0.009999999997567565746
 0.01000000000000000021
0.009999719068291548427
 0.01000000000000000021
 0.01000000000000000021
 0.01000000000000000194
0.009999999988532345258
 0.01000000000000000021
0.009997677321120421873
0.009999999999999882247
 0.01000000000000000021
 0.01000000000000000021
0.009975756742945976127
0.009923504473635760478
0.009999999504393140837
0.009958878276995802165
0.009999111801374112665
0.009998978160708662036
0.009999999999999998473
 0.01000000000000000021
0.009998160970993898861
 0.01000000000000000021
0.009999999999999368769
 0.01000000000000000021
0.009999999998921952835
0.009998607475420967852
0.009999997017843174907
0.009999999898961779016
 0.01000000000000000021
0.009808418728420158564
 0.01000000000000000021
0.009999999996141234471
0.009996943669306057947
0.009948125077515608886
0.009999999167762152127
 0.01000000000000000021
0.009930881945326179225
0.009999999999999452036
0.009999731301695851879
 0.01000000000000000021
0.009999566537339717523
 0.01000000000000000021
0.009999894142036881012
0.009999988014439246259
0.009999999999987872756
0.009999983531937976788
0.009960486875964119982
 0.01000000000000000021
 0.00999997600828264957
0.009999996906017499451
 0.01000000000000000021
0.009960272251771182944
 0.00999370181711053962
 0.01000000000000000021
0.009977986155225699802
 0.01000000000000000021
0.009999818300516102182
 0.01000000000000000194
 0.00999999999999998633
0.009996950322904030878
0.009999730937157008323
0.009998092609471645117
0.009992971921708110675
 0.00999999999842544722
0.009928132682950237264
0.009999999999988245722
0.009999978206741835102
0.009999999423107627794
0.009972761832534524085
 0.00999999999999996031
0.009998242283583702594
 0.01000000000000000021
0.009869197349242752465
 0.01000000000000000021
 0.01000000000000000021
0.009999999999986264668
0.009988206763674734034
0.009999999999998772024
0.009999290574551339753
0.009999687635211479061
0.009938275076545472972
0.009999999965467262428
0.009999160407169631337
 0.01000000000000000021
 0.01000000000000000021
0.009999999879367766839
 0.01000000000000000021
0.009999983174021237139
0.009928618892394457107
0.009999999999982592258
 0.01000000000000000021
0.009995165633100194097
 0.01000000000000000021
0.009999999999999998473
 0.01000000000000000021
 0.01000000000000000021
0.009999779962994921959
0.009945590449392870819
0.009999709330711249039
0.009778300061330959594
0.009931041272664352729
0.009570570511608941441
 0.00999980958366358981
0.009999991496279019357
 0.01000000000000000021
0.009748004614828522513
0.009999999999999998473
 0.01000000000000000021
 0.00999999718587601602
 0.01000000000000000021
0.009999999977107652468
0.009993207293745007963
0.009996632547431133498
0.009996814349156602636
0.009890491050467872455
0.009999999999999998473
0.009999999870301930216
0.009639685698009964332
0.009999999999868077957
 0.01000000000000000021
0.009998931617305268499
 0.01000000000000000021
0.009999775342611684492
0.009999999999999660202
0.009999880666894589085
0.009999999999999998473
0.009999998959938324536
0.009724766326103612135
 0.01000000000000000021
 0.01000000000000000021
0.009892809853713026291
0.009999999997928513129
 0.01000000000000000194
0.009938518670814792955
 0.01000000000000000021
0.009999999736301865699
0.009999999999753568861
0.009999999674820781587
0.009992336150517019955
0.009831970531401595242
0.009700762068982769076
 0.01000000000000000021
 0.00999018246392775755
0.009999999999999984596
 0.01000000000000000021
0.009999999999995724115
 0.00999937178612882345
 0.01000000000000000021
0.009999999999999998473
 0.01000000000000000021
 0.01000000000000000021
 0.01000000000000000021
0.009949529563156034317
0.009990382702619576144
0.009999999993260297662
0.009999990973552981555
 0.01000000000000000021
 0.01000000000000000021
0.009999999999999125908
0.009999994266485344105
 0.01000000000000000021
0.009943932388628668254
 0.00999999991162576346
0.009317763194976451391
0.009999457456584573758
 0.01000000000000000021
0.009999999999999962044
0.009996764991591741006
0.009952364744740180985
0.009999999998748660898
 0.01000000000000000021
 0.01000000000000000021
0.009999961289974100206
0.009998613626392248779
 0.01000000000000000021
 0.01000000000000000021
 0.01000000000000000021
0.009999749363467282798
0.009999999894038340623
0.009998992637358343136
 0.01000000000000000021
0.009859623418240844386
0.009966221552082760518
 0.01000000000000000194
 0.00999999999977590863
 0.00951122475187581029
0.009995055497359038588
0.009999999999996579333
 0.01000000000000000021
0.009999999996463108942
0.009991546492356718351
0.009990531935519773171
 0.01000000000000000021
 0.01000000000000000021
0.009999997934558267632
0.009999999999982191537
0.009999999999973009646
0.009995477240560334681
 0.01000000000000000021
 0.01000000000000000021
 0.00983814383990464468
 0.01000000000000000021
 0.01000000000000000021
0.009999989668169841431
 0.00980031755269678527
 0.01000000000000000194
0.009885513608987688688
0.009761491994944096473
 0.01000000000000000021
0.009899247567689400604
 0.01000000000000000021
 0.01000000000000000021
0.009982581391975305432
0.009917622950195317463
 0.00999828120544378994
 0.01000000000000000021
 0.01000000000000000021
 0.01000000000000000021
 0.01000000000000000021
0.009999999999908394666
0.009999891177237891365
  0.0099999999551241784
0.009999999973770861555
 0.01000000000000000021
0.009970888730158148153
0.009999718128682886717
0.009999999451932290936
0.009994818546622411329
 0.01000000000000000021
0.009999997572993562373
0.009999999843082585382
0.009999987993289006713
0.009999999999999148459
 0.01000000000000000021
0.009999999883039355913
0.009987531592632825639
0.009920487492745991981
 0.01000000000000000021
0.009838475321024565609
 0.01000000000000000021
 0.01000000000000000021
 0.01000000000000000021
0.009988543391598094998
0.009999867139098101917
 0.01000000000000000021
0.009999999998593729275
0.009999995764863083697
0.009999999976021099746
0.009999987524203706596
0.009999997807410178699
0.009932618566968412152
0.009999999999999996739
 0.01000000000000000021
0.009991035958911875792
0.009999999935039600302
0.009999999999940972772
 0.01000000000000000194
0.009999999999997784966
0.009987953295460986342
0.009902725401501220534
 0.01000000000000000021
0.009759997062962662284
 0.01000000000000000021
0.009995572798783877028
0.009999898984323574158
0.009999999999999984596
0.009528254694393717764
0.009963095678084270962
0.009991777177877162949
0.009999556687916497794
0.009999999923115919509
0.009875849352318442562
0.009999999999104237577
 0.00999999999953987001
 0.00999999999416172243
 0.01000000000000000021
0.009999999905784028378
0.009999999999999995004
 0.01000000000000000194
0.009900891100314222412
0.009870389497961713776
0.009999999999979643228
0.009999999999999051314
0.009999999996452305084
0.009999999999849193758
0.009874561843984852941
0.009999888241391837254
0.009999964271090394999
 0.01000000000000000021
0.009982963664474297713
 0.00993208527814802393
0.009852591860826966086
 0.01000000000000000021
0.009615016440458786298
0.009998542190085155101
 0.01000000000000000021
0.009911697668584379395
0.009999999999924274324
0.009999999999999946432
0.009999999999999982861
0.009999766751945835669
0.009999649629366214737
0.009999992770964924796
0.009999965775810675667
0.009999225776567957982
0.009912013889370161618
0.009999999900043998399
 0.01000000000000000021
0.009997752514133460139
0.009999999999486371138
 0.00999560843448442371
 0.01000000000000000021
 0.01000000000000000021
0.009966249024758936162
 0.01000000000000000021
0.009999999999999689693
0.009999956976255974447
0.009678248563702713386
 0.01000000000000000021
0.009996754755575194482
0.009999999984010417287
 0.01000000000000000021
 0.01000000000000000021
 0.01000000000000000021
 0.01000000000000000021
 0.01000000000000000194
 0.00999990903152217156
0.009999999999999845818
 0.01000000000000000021
 0.01000000000000000021
0.009999998539261999164
 0.01000000000000000021
0.009965284318203333075
0.009985513576982503123
 0.01000000000000000021
0.009833098131097997227
 0.01000000000000000021
 0.01000000000000000021
 0.01000000000000000021
 0.01000000000000000021
0.009999797838351967214
0.009999998700763783333
0.009986294198590543042
0.009999999999999885716
 0.01000000000000000021
0.009997051282023886737
 0.00999976422463126971
0.009999999995462414623
 0.01000000000000000021
 0.01000000000000000021
0.009999425365825926129
 0.01000000000000000021
 0.01000000000000000194
0.009983895347286017227
 0.01000000000000000021
0.009982955100632268097
0.009999990194805262467
0.009999999999999998473
0.009995040093700311573
0.009963176792225549722
0.009916842219605136524
0.009905918805172157782
0.009969973459281139191
0.009995671770683285662
0.009999999999999970718
0.009936814888399038773
 0.01000000000000000021
 0.00999999997705102936
 0.01000000000000000021
 0.01000000000000000021
 0.01000000000000000021
 0.01000000000000000021
 0.01000000000000000021
0.009999999999999686223
 0.01000000000000000021
