0.009983394770882154587
 0.01000000000000000194
0.009999999996634971466
 0.01000000000000000194
 0.01000000000000000194
0.009999433305437838496
 0.01000000000000000368
0.009608559838038571721
  0.0099980278605486788
0.009890720211814175988
 0.01000000000000000194
 0.01000000000000000194
 0.01000000000000000194
 0.01000000000000000194
0.009999680936578721202
 0.01000000000000000194
 0.01000000000000000194
0.009999991382240384918
0.009999586140474714738
 0.01000000000000000194
 0.01000000000000000194
 0.01000000000000000368
0.009999852181832726006
 0.01000000000000000194
 0.01000000000000000194
 0.01000000000000000194
0.009931988636766357625
0.008265437221801428397
 0.01000000000000000021
 0.01000000000000000194
0.009960655441088636652
0.009967746359542950518
0.009999997251702492235
0.009999999999999998473
 0.01000000000000000368
 0.01000000000000000368
0.009743272691235241659
0.009352652548997121562
0.009999999999999982861
 0.01000000000000000194
0.009996558729234007387
0.009849699812596784954
0.009979108639314620763
0.009999999999999883982
0.009999999998561675055
0.009999614972639004479
0.009999999999950246604
0.009999614005022182742
0.009999999999998621103
 0.01000000000000000194
 0.01000000000000000194
 0.01000000000000000194
0.009999505963437725978
 0.01000000000000000368
0.009999999999767994821
 0.01000000000000000194
0.009999988780846767039
 0.01000000000000000021
0.009999999999999998473
0.009999954306492192871
0.009736217879871361669
 0.00892812283233343322
 0.00999780805265914306
 0.00999984236409937402
0.009976755029894540314
0.009352928916181885502
0.009999999999999059988
0.009999995559306166723
 0.01000000000000000368
0.009848902218105956563
 0.01000000000000000021
 0.01000000000000000194
0.009999999999935711356
 0.01000000000000000194
 0.01000000000000000194
0.009999999999999854491
0.009999999890644409653
0.009999632984489427098
0.009881237872854187546
0.005628693790095252829
 0.01000000000000000194
0.009999999999998520489
0.009999959000513564122
0.009999999999751528826
 0.01000000000000000194
0.009998803848298412969
 0.01000000000000000194
0.009934848063540991508
0.009999999999997922009
 0.01000000000000000368
0.007364571576400340096
0.009993864445613134806
0.009999999999758847624
0.009999999990062959435
0.007210181059532728108
0.009453540492633699319
0.009999999999999998473
0.009984682943185418588
 0.01000000000000000194
0.009987860891861129534
0.009999997553616418386
0.009999841706294528704
0.009999993186500844705
0.009999962929351510071
0.009998988762404797601
0.009965189503315378255
 0.01000000000000000194
0.009999966874256459651
0.009999999999999996739
 0.00999999999999726108
0.009996689107992591874
 0.01000000000000000194
 0.01000000000000000368
0.009812886822125685068
0.009999999997802228729
0.009996349163780528929
 0.01000000000000000194
0.009999999999999998473
 0.01000000000000000194
0.009509306645948791339
 0.01000000000000000194
 0.01000000000000000021
 0.00999999997884378107
0.006139113416476814702
0.009999999999999998473
0.009999999999999814593
 0.01000000000000000194
0.009999999988056139377
 0.01000000000000000194
0.009998944728711250257
 0.01000000000000000021
 0.01000000000000000194
 0.01000000000000000368
0.009999999943441256409
 0.01000000000000000194
0.009948743158539085849
0.009999999999999420811
 0.01000000000000000194
 0.01000000000000000194
0.009806785340334939205
0.007917096191941338026
0.009999997561667176363
0.009180713974717995621
0.009995411696429859147
0.009992589592744285584
0.009999999999999998473
 0.01000000000000000021
0.009977167709009884117
 0.01000000000000000021
0.009999999999996888114
 0.01000000000000000194
0.009999999994699720895
0.009988855279524642625
0.009999985260840648857
0.009999999503570965176
 0.01000000000000000194
0.009691098975138527638
 0.01000000000000000194
0.009999999981052507328
0.009965301108394374399
0.009236143327451061535
0.009999995909395454144
 0.01000000000000000021
0.009266003558785511005
0.009999999999997309652
0.009998664263444605529
0.009999999999999998473
0.009997499762186995778
 0.01000000000000000194
0.009999482194069620258
0.009999940808517846988
0.009999999999940306639
0.009999919823273657055
0.008834383189657742108
 0.01000000000000000021
0.009999883225877560788
0.009999984860723763053
 0.01000000000000000194
0.009575016764636888958
0.009984539121803888764
 0.01000000000000000194
0.009819952443742176532
 0.01000000000000000194
 0.00999917025640757913
 0.01000000000000000368
0.009999999999999930819
0.009981434262954369183
0.009998689771649700575
0.009993978738845991916
0.009979086027984189478
0.009999999992254466827
0.008759863384345333015
 0.00999999999994211422
0.009999893429023763713
0.009999997169954654569
0.009837560330227760469
 0.00999999999999980245
 0.00999519874355135271
 0.01000000000000000021
0.006831487128954768541
 0.01000000000000000194
 0.01000000000000000194
0.009999999999932474362
0.009933199464052201375
 0.00999999999999396337
 0.00999723859173378554
0.009998493312367981098
0.009042013129810231795
0.009999999830314567836
 0.00999193876472320025
 0.01000000000000000021
 0.01000000000000000194
0.009999999404968021657
 0.01000000000000000194
0.009999917098795862644
0.009554846977776337846
0.009999999999914303134
 0.01000000000000000194
0.009977899985185490622
 0.01000000000000000194
0.009999999999999998473
 0.01000000000000000194
 0.01000000000000000194
0.009998920976173927833
0.008243229327573518145
0.009998524041997268463
0.009631465697628587355
0.009431159857077431319
0.009317955993782649216
0.009999075668182937429
0.009999958269648627843
 0.01000000000000000194
0.007979438677236928151
0.009999999999999998473
 0.01000000000000000021
0.009999986117640363367
 0.01000000000000000194
0.009999999887163869144
0.009971743189881197497
0.009985608820668661484
0.009986325838425598803
0.009567467539977097396
0.009999999999999998473
0.009999999361398536832
0.009568357743837836368
0.009999999999350505861
 0.01000000000000000194
0.009994669833321562225
 0.01000000000000000368
0.009999113261643132952
0.009999999999998333139
0.009999414296934960866
0.009999999999999998473
0.009999994873091591976
0.008736665329861855941
 0.01000000000000000194
 0.01000000000000000194
 0.00932307553165907972
0.009999999989794880473
 0.01000000000000000368
0.009736263629232407707
 0.01000000000000000194
0.009999998698210662423
0.009999999998786413685
0.009999998399987990172
0.009972554542490248697
0.009103358275398733962
0.009417856892872514263
 0.01000000000000000194
0.009974380478530006991
0.009999999999999930819
 0.01000000000000000194
0.009999999999978940665
0.009996783756330517717
 0.01000000000000000194
0.009999999999999998473
 0.01000000000000000194
 0.01000000000000000194
 0.01000000000000000021
0.009603602238766320229
0.009819587895463322696
0.009999999966871194954
0.009999955418997622664
 0.01000000000000000194
 0.01000000000000000194
 0.00999999999999569289
0.009999972171930300927
 0.01000000000000000194
0.009269599289563898795
0.009999999564298178364
0.009177462606972766265
0.009997672541338450611
 0.01000000000000000194
 0.00999999999999980245
0.009974066729234213127
0.009688558180261699557
0.009999999993826844472
 0.01000000000000000021
 0.01000000000000000194
0.009999809398028284071
0.009991816590161793285
 0.01000000000000000194
 0.01000000000000000194
 0.01000000000000000194
0.009998711942220125243
0.009999999478167317241
0.009996526291949678344
 0.01000000000000000194
0.009741125037357960259
0.009681329771642550874
 0.01000000000000000368
 0.00999999999889733017
0.009541798985438419006
0.009968450816567225523
 0.00999999999998317686
 0.01000000000000000368
0.009999999982566273871
0.009846237537302229489
0.009909825908675479189
 0.01000000000000000194
 0.01000000000000000194
 0.00999998985464943882
0.009999999999912299528
0.009999999999867172432
0.009976397659961833142
 0.01000000000000000194
 0.01000000000000000021
0.009694155593099784002
 0.01000000000000000194
 0.01000000000000000021
0.009999949507967141604
0.007956767985625301867
 0.01000000000000000368
0.005161092693839759889
  0.0084326637751504889
 0.01000000000000000194
0.009741643094430995492
 0.01000000000000000194
 0.01000000000000000021
0.009828374510203879977
0.009283656539704093422
0.009992240632513069154
 0.01000000000000000194
 0.01000000000000000194
 0.01000000000000000194
 0.01000000000000000194
0.009999999999548803836
0.009999459779568682649
0.009999999778816397525
0.009999999870681947414
 0.01000000000000000194
0.009918773666068591427
0.009998654370817225065
 0.00999999729750503108
0.009936554010585072969
 0.01000000000000000194
0.009999988122296056547
0.009999999226546174916
0.009999940757392095786
 0.00999999999999581432
 0.01000000000000000194
0.009999999424522428362
0.009889873996364463571
0.008751816519066243916
 0.01000000000000000194
0.009018466359547634009
 0.01000000000000000194
 0.01000000000000000021
 0.01000000000000000194
0.009929924074606905418
0.009999400399058918157
 0.01000000000000000194
0.009999999993081737371
0.009999979358344433106
0.009999999882140793439
0.009999938511580420269
0.009999989192411438271
0.009486056508256481695
0.009999999999999991535
 0.01000000000000000194
0.009849603949307641354
0.009999999679752038378
0.009999999999709595355
 0.01000000000000000194
0.009999999999989107879
0.009897573564254377385
0.009207286794848574402
 0.01000000000000000194
0.008135603325400087016
 0.01000000000000000194
0.009890317169762899083
0.009999519989181287344
0.009999999999999915207
0.008678675576896581131
0.009698221114093127232
0.009961739285066464195
0.009997789321691421746
0.009999999620719020321
0.007781211939080128447
0.009999999995597117636
0.009999999997736905982
0.009999999971280182018
 0.01000000000000000194
0.009999999537119321977
0.009999999999999979391
 0.01000000000000000368
0.008776204198777228307
0.007316068148422774295
0.009999999999899856357
0.009999999999995328598
0.009999999982545706989
0.009999999999257415395
 0.00497290657974672895
0.009999453632643618209
0.009999824921865487631
 0.01000000000000000194
0.009861160955575494491
0.009076177136238094967
 0.00772822843683929582
 0.01000000000000000194
0.009110357617310473055
0.009994843837893389871
 0.01000000000000000194
0.009214416751376228176
0.009999999999627414565
0.009999999999999734795
0.009999999999999906533
0.009998842119400490336
0.009998160075827855139
 0.00999996431207815506
 0.00999983158798548738
0.009996244756946525908
0.009562646508498213321
0.009999999508608897053
 0.01000000000000000194
 0.00999461954851369079
0.009999999997470003163
0.009981579488888217208
 0.01000000000000000194
 0.01000000000000000021
0.009763594744651101637
 0.01000000000000000194
0.009999999999998478856
0.009999790164455265098
0.009656809628034600593
 0.01000000000000000368
0.009981399928986393194
0.009999999921411805229
 0.01000000000000000194
 0.01000000000000000194
 0.01000000000000000368
 0.01000000000000000021
 0.01000000000000000368
 0.00999956184401400508
0.009999999999999238665
 0.01000000000000000021
 0.01000000000000000194
0.009999992824853538853
 0.01000000000000000194
0.009681298495163465426
0.009945694385485108827
 0.01000000000000000194
0.009058347659347529279
 0.01000000000000000194
 0.01000000000000000194
 0.01000000000000000368
 0.01000000000000000194
0.009999088499060697008
0.009999993591088539649
0.009686609296242452982
0.009999999999999436423
 0.01000000000000000368
0.009947106818125018082
0.009998889672468209977
0.009999999977652728606
 0.01000000000000000194
 0.01000000000000000368
0.009997128574924190811
 0.01000000000000000194
 0.01000000000000000194
0.009925437696086050407
 0.01000000000000000194
0.009467961104631663141
0.009999951569318044076
 0.01000000000000000021
0.009978131502858757565
0.009876857977254243845
0.006462535429128993779
0.009830438539056358949
0.009700283351088460904
0.009973793551966075172
0.009999999999999851022
0.009505249017003319228
 0.01000000000000000194
0.009999999886945722463
 0.01000000000000000194
 0.01000000000000000194
 0.01000000000000000194
 0.01000000000000000194
 0.01000000000000000368
0.009999999999998452835
 0.01000000000000000194
