 0.00994539873740632463
 0.01000000000000000021
0.009999999994855407123
 0.01000000000000000021
 0.01000000000000000021
0.009998773556674823287
 0.01000000000000000021
0.009492124958683928471
0.009990604779504643276
0.009835492444325922776
 0.01000000000000000021
 0.01000000000000000021
 0.01000000000000000021
 0.01000000000000000021
0.009999355782459895189
 0.01000000000000000021
0.009999999999999998473
0.009999986118883160899
0.009999492301374601072
 0.01000000000000000021
 0.01000000000000000021
 0.01000000000000000021
0.009999754308544488157
 0.01000000000000000021
 0.01000000000000000021
 0.01000000000000000021
0.009840869282137636523
0.009493123092664413482
 0.01000000000000000021
 0.01000000000000000021
0.009961109467016483754
  0.0099175143851769898
0.009999995504026902918
0.009999999999999998473
 0.01000000000000000021
 0.01000000000000000194
0.009419570621693618834
0.009631382851509339565
0.009999999999999968983
 0.01000000000000000194
0.009992168440363501797
 0.00989113052960822331
0.009975646655955528949
0.009999999999999816327
 0.00999999999780112718
 0.00999943796823775724
0.009999999999921767649
0.009999330658865454233
0.009999999999997864764
 0.01000000000000000021
 0.01000000000000000021
 0.01000000000000000021
0.009996507496320175892
 0.01000000000000000021
0.009999999999632195463
 0.01000000000000000021
0.009999979930903979755
0.009999999999999998473
0.009999999999999998473
 0.00999991355505493347
 0.00924133541648147934
0.007786153466481378349
0.009996442357283192096
 0.00999971353512097566
0.009915137888758845247
0.008900592810915968628
0.009999999999998496203
0.009999992533248028281
 0.01000000000000000021
 0.00899561974908025426
0.009999999999999998473
 0.01000000000000000021
0.009999999999898478986
 0.01000000000000000021
 0.01000000000000000368
 0.00999999999999976949
0.009999999837935950528
0.009999402378573392369
 0.00994189295269799593
0.008945599668217597833
 0.01000000000000000021
0.009999999999997621902
0.009999937160334895075
0.009999999999611585214
 0.01000000000000000194
0.009998328661315742522
 0.01000000000000000021
0.009898680646823442009
0.009999999999996792704
 0.01000000000000000194
0.009495228009365780375
0.009979816649556660924
0.009999999999627943656
0.009999999983874999568
 0.00951499190258591962
0.009432060541594934622
0.009999999999999995004
0.009983230902820503308
 0.01000000000000000021
0.009990276783261701349
0.009999996276359167033
0.009999800275599044982
0.009999988361638087117
0.009999895911593096112
 0.00999798917265842281
0.009925341741838487192
 0.01000000000000000021
0.009999950972436303862
0.009999999999999993269
0.009999999999995658195
0.009996991380872250615
 0.01000000000000000021
 0.01000000000000000194
0.008731287687842462578
 0.00999999999646791933
0.009991740263180819842
0.009999999999999998473
0.009999999999999998473
 0.01000000000000000368
0.009642936531573654407
 0.01000000000000000021
 0.01000000000000000021
0.009999999966675866825
0.009606502706286015186
0.009999999999999998473
 0.00999999999999970704
 0.01000000000000000021
 0.00999999998172142017
 0.01000000000000000194
0.009998559803434305809
0.009999999999999998473
 0.01000000000000000021
 0.01000000000000000194
0.009999999899019170607
 0.01000000000000000021
0.009943128678576091881
0.009999999999999091213
 0.01000000000000000021
0.009999999999999998473
0.009640086046592782551
0.008513327313563218146
0.009999995917765323178
0.008891060263290825882
0.009990583371411076302
0.009969626426332424754
0.009999999999999998473
0.009999999999999998473
0.009985243593166463413
0.009999999999999998473
0.009999999999995169003
 0.01000000000000000021
 0.00999999999189354026
0.009968297268580809598
0.009999976119355449833
0.009999999229947945101
 0.01000000000000000021
0.009012264904621142617
 0.01000000000000000021
0.009999999971442033453
0.009953309976986974422
0.008366362470033958387
0.009999993928903374782
 0.01000000000000000021
0.007621863789938627086
0.009999999999995852484
0.009996945797809094966
0.009999999999999996739
0.009989917752284938404
0.009999999999999998473
0.009999105796431156587
0.009999891731834189071
0.009999999999905216652
0.009999638515098160235
 0.00990748719880897577
 0.01000000000000000021
 0.00999983369827299462
0.009999976671058225311
 0.01000000000000000021
0.009358324405272296087
0.009953418719821135324
 0.01000000000000000021
0.009658183120533285482
 0.01000000000000000021
0.009998912844343071579
 0.01000000000000000194
 0.00999999999999989439
 0.00997833935458258478
0.009997882385214235113
0.009983762471173496245
0.009950576287972480102
0.009999999987896702677
0.009247832701184574913
0.009999999999908890796
0.009999869737443548706
0.009999995672714480713
0.008058761755340421509
0.009999999999999686223
0.009993282245947001513
0.009999999999999998473
0.009338039943311123026
 0.01000000000000000021
 0.01000000000000000021
0.009999999999898040101
0.009874112137505266715
 0.00999999999999064311
0.009992773947233671641
0.009998033511210674407
 0.00805475096468406121
0.009999999746942598786
0.009987084671270598374
0.009999999999999998473
 0.01000000000000000021
0.009999998975810591578
 0.01000000000000000021
0.009999824367080845794
 0.00964210767647710916
0.009999999999864941577
 0.01000000000000000021
0.009977711500019251917
 0.01000000000000000021
0.009999999999999998473
 0.01000000000000000021
 0.01000000000000000021
0.009998272682188032515
0.007900732393411364837
0.009995710196523913127
0.009644743492057631512
0.009146829761381255336
 0.00870286929579164141
0.009999055302611596988
0.009999932813104201595
0.009999999999999998473
0.009559187814218631993
0.009999999999999998473
 0.01000000000000000021
  0.0099999727287707358
 0.01000000000000000021
0.009999999812576848557
0.009971162952439200852
0.009989229223827554224
0.009988602317330834424
 0.00903207536806441974
0.009999999999999995004
0.009999999006507581667
0.009651329226228537797
 0.00999999999898355113
 0.01000000000000000021
0.009991285491782447153
 0.01000000000000000021
0.009999027937631226742
0.009999999999997399858
0.009998107595831941946
 0.01000000000000000021
0.009999992185313196294
0.009394482691853455608
 0.01000000000000000021
 0.01000000000000000021
0.009750210238315444242
0.009999999983169282833
 0.01000000000000000021
 0.00957836325093468742
 0.01000000000000000021
0.009999997700079867394
0.009999999998089004541
 0.00999999737843166106
0.009873151348167586924
0.003758052742108170061
0.009721990436033752306
 0.01000000000000000021
0.009928529019615151691
0.009999999999999885716
 0.01000000000000000021
0.009999999999966181774
0.009995693073077821511
 0.01000000000000000021
0.009999999999999998473
 0.01000000000000000021
 0.01000000000000000021
0.009999999999999998473
0.009562759813134999107
 0.00961828588998891662
0.009999999950042462102
0.009999927624637869675
 0.01000000000000000021
 0.01000000000000000021
0.009999999999993116825
0.009999958586642305677
 0.01000000000000000021
0.009098542753085726853
0.009999999139047022895
0.009668599625894464672
0.009997073712240426777
 0.01000000000000000194
0.009999999999999691427
0.009926977607469963244
0.009432992027330687479
0.009999999988787422467
0.009999999999999998473
 0.01000000000000000194
0.009999680265318909578
0.009981470814439398834
 0.01000000000000000021
 0.01000000000000000021
 0.01000000000000000021
0.009996146427137253543
0.009999999145353493865
0.009995670137556677756
 0.01000000000000000021
0.009325786563865219245
0.008467748237040653367
 0.01000000000000000194
0.009999999998296277975
0.008815704773457761975
0.009966144614301623156
 0.00999999999997411293
 0.01000000000000000021
0.009999999970248231451
0.009860757512139122286
0.009643888855590893039
0.009999999999999998473
 0.01000000000000000021
0.009999984461305505903
0.009999999999859726998
0.009999999999793904651
0.009929390198715241922
 0.01000000000000000021
0.009999999999999998473
0.009842218076244909492
 0.01000000000000000021
 0.01000000000000000021
0.009999930492570910032
0.003682786400433024805
 0.01000000000000000021
0.009478381921241259625
0.009845690314126170212
 0.01000000000000000021
0.009280988686028293633
 0.01000000000000000021
 0.01000000000000000021
0.009786637926460603487
0.008823608314874198041
0.009990239207222367454
0.009999999999999998473
0.009999999999999998473
 0.01000000000000000021
 0.01000000000000000021
0.009999999999280879265
0.009998909685957154195
 0.00999999966684796994
0.009999999775160419227
 0.01000000000000000021
0.009401039578644356312
 0.00999871000753808914
0.009999995728250020421
0.009878038277235982878
 0.01000000000000000021
0.009999982164758452682
0.009999998714332573521
0.009999852601050582615
0.009999999999993545302
 0.01000000000000000021
0.009999999039592939037
0.009659852660661751023
 0.00894679564438112182
0.009999999999999998473
0.004655534182360325859
 0.01000000000000000021
0.009999999999999998473
0.009999999999999998473
0.009738496793264168894
0.009998552360752175489
 0.01000000000000000021
0.009999999989246980206
 0.00999997403847900819
0.009999999823403738289
0.009999861355060252546
0.009999983398587991221
 0.00868063092755917351
0.009999999999999984596
 0.01000000000000000021
0.009709990572496112957
0.009999999475994718334
0.009999999999548769142
 0.01000000000000000194
0.009999999999983058899
0.009775168242866640739
0.008663325912673726023
 0.01000000000000000021
0.009104300154679724824
 0.01000000000000000021
0.009961370282821426642
0.009999213141552089346
  0.0099999999999998649
0.009875370157737744375
0.009711712465042836653
0.009873671926319754072
0.009997769543844046286
0.009999999398039950693
0.009432802375033990522
 0.00999999999339863492
0.009999999996486728937
0.009999999954355248341
 0.01000000000000000021
0.009999999292857119498
0.009999999999999965514
 0.01000000000000000194
0.009470712570423950316
 0.00956225167269974044
0.009999999999844464901
0.009999999999992518346
0.009999999972030404818
0.009999999998814878763
0.009348132952555940692
0.009999074897142627705
0.009999675663923388025
 0.01000000000000000021
0.009864172708934283718
0.008775915168077665085
 0.00476201344857984845
 0.01000000000000000021
0.008520562416815594814
0.009989639669995976912
 0.01000000000000000021
0.009286924877259855257
0.009999999999426115518
0.009999999999999571731
0.009999999999999852757
0.009997028232693756442
0.009994011329446798528
0.009999935978921684759
0.009999664939454580223
0.009991869018592098792
0.009668570211686202884
0.009999999272663874852
 0.01000000000000000021
0.009990523144852856557
0.009999999995960545673
  0.0099673831346048479
 0.01000000000000000194
0.009999999999999998473
0.007360236026428291882
 0.01000000000000000021
0.009999999999997568126
0.009999720256133604046
0.009794649912648315318
 0.01000000000000000194
0.009929918876266992378
0.009999999882366567699
 0.01000000000000000021
 0.01000000000000000021
 0.01000000000000000194
0.009999999999999998473
 0.01000000000000000021
0.009999354569637960294
0.009999999999998791106
0.009999999999999998473
 0.01000000000000000021
0.009999989279299631093
 0.01000000000000000021
0.009663796444566613228
 0.00982832810712695043
 0.01000000000000000021
0.003568307405388383615
 0.01000000000000000021
0.009999999999999998473
 0.01000000000000000021
 0.01000000000000000021
0.009999009056715598906
0.009999988926333008149
0.009859903476881955522
0.009999999999999099887
 0.01000000000000000021
0.009875324769030441319
0.009998521879103074855
0.009999999964790529453
 0.01000000000000000021
 0.01000000000000000021
 0.00999242372995355968
 0.01000000000000000021
 0.01000000000000000021
0.009803407723348181793
 0.01000000000000000021
0.009917219396887742844
0.009999911260279730277
0.009999999999999998473
 0.00997051795240185175
0.009725359024441014577
 0.00826216743931676087
0.009692490783075366489
0.009596364361328577758
0.009960734875046905329
 0.00999999999999976602
0.009575262613121334268
0.009999999999999998473
0.009999999816364957272
 0.01000000000000000021
 0.01000000000000000194
 0.01000000000000000194
 0.01000000000000000021
 0.01000000000000000194
0.009999999999997438022
0.009999999999999998473
