0.009943318820836367228
 0.01000000000000000021
0.009999999989322695682
 0.01000000000000000021
 0.01000000000000000021
0.009997125149694476368
 0.01000000000000000021
0.009462232980083194397
0.009995461319562731067
0.009847554659093765358
 0.01000000000000000021
 0.01000000000000000021
 0.01000000000000000021
 0.01000000000000000021
0.009998784057848979223
 0.01000000000000000021
0.009999999999999998473
0.009999971068898220322
0.009999011491833981885
0.009999999999999998473
 0.01000000000000000021
 0.01000000000000000021
0.009999598915439233265
 0.01000000000000000021
 0.01000000000000000194
0.009999999999999998473
0.009602185396589295319
0.008553891103234867802
 0.01000000000000000021
 0.01000000000000000021
0.009919589317036299481
0.009929994346139675229
0.009999990947547150386
0.009999999999999998473
 0.01000000000000000194
 0.01000000000000000021
0.009717762931905260873
0.007812284633325586487
0.009999999999999934289
 0.01000000000000000021
0.009980639176071852761
0.009649989079881900883
0.009938845068085682896
0.009999999999999620304
0.009999999995436281014
0.009998763293700025159
0.009999999999839094197
0.009998551468981058468
0.009999999999995576663
 0.01000000000000000021
 0.01000000000000000021
 0.01000000000000000021
0.009998656318554234937
 0.01000000000000000194
0.009999999999249473831
 0.01000000000000000021
0.009999960374314971825
 0.01000000000000000021
 0.01000000000000000021
 0.00999982859726353257
0.009224809350878823005
0.007898932522191634553
0.009991977712244689419
0.009999491276940448981
0.009763729581245496683
0.009590557724857846911
 0.00999999999999694536
 0.00999998529175896364
0.009999999999999998473
0.008901596828605133627
0.009999999999999998473
 0.01000000000000000194
0.009999999999792504729
0.009999999999999998473
 0.01000000000000000368
0.009999999999999521424
0.009999999656292019728
0.009998709048950412889
0.009779094430473490515
0.009384566965705264455
 0.01000000000000000021
0.009999999999995186351
0.009999875313239056304
0.009999999999200023804
 0.01000000000000000194
0.009996613389913989664
 0.01000000000000000021
 0.00983722672928595554
0.009999999999993357952
 0.01000000000000000021
0.007865580197931602152
0.009973519261877759196
0.009999999999229809006
0.009999999967531867859
0.009760527488511402949
0.009197298140714722445
  0.0099999999999999898
0.009974231348985120385
 0.01000000000000000021
0.009985305555292936508
0.009999992182589425432
0.009999555268639220493
0.009999976440129152572
0.009999863383031536504
0.009996919163456732468
0.009966024587961504547
 0.01000000000000000194
0.009999913044360814532
0.009999999999999984596
0.009999999999991140975
0.009992847973256899566
 0.01000000000000000021
 0.01000000000000000194
0.007603175162606580322
0.009999999992828521519
0.009976277310378187102
 0.01000000000000000021
0.009999999999999998473
 0.01000000000000000194
0.009003390580267150306
 0.01000000000000000194
0.009999999999999998473
0.009999999931444902845
0.009697639804825923873
0.009999999999999998473
0.009999999999999396524
 0.01000000000000000021
0.009999999962755176663
 0.01000000000000000021
0.009997806909411884047
 0.01000000000000000194
 0.01000000000000000021
 0.01000000000000000021
0.009999999809562665903
 0.01000000000000000021
 0.00975054585161981742
0.009999999999998128442
 0.01000000000000000194
 0.01000000000000000021
0.007624876767654966553
0.009469624421885586632
0.009999992066757551826
0.008875523018687001345
0.009976037884231568273
0.009986523384047315405
0.009999999999999998473
0.009999999999999998473
0.009974918125223738649
 0.01000000000000000021
0.009999999999990034222
 0.01000000000000000021
0.009999999983177271234
0.009981341852970265077
0.009999950071100374357
0.009999998425980998265
 0.01000000000000000021
0.009651683609411371503
 0.01000000000000000021
0.009999999941048035371
0.009965963780849991863
0.005050320109851168596
0.009999987080539252463
 0.01000000000000000021
0.007461967350322500081
0.009999999999991411592
0.009995104529928643816
0.009999999999999993269
0.009996953318494429877
0.009999999999999998473
0.009998459805716602283
0.009999796721997866039
0.009999999999807159673
0.009999737084474767321
0.008863053086350792045
 0.01000000000000000021
0.009999650274422051607
0.009999952577604328402
 0.01000000000000000021
0.008712156912427593963
0.009927486360950837918
 0.01000000000000000021
0.008415604178026848611
 0.01000000000000000194
0.009998757246240696714
 0.01000000000000000194
0.009999999999999779898
0.009943754004862180931
0.009998552251527259918
0.009955731996167354117
0.009960049509125160766
 0.00999999997523630911
 0.00822690569682493246
0.009999999999812615378
0.009999703749813898881
0.009999991144649483105
0.008638529626730818978
 0.00999999999999935836
0.009992942078100747541
 0.01000000000000000021
0.008963152475712873879
 0.01000000000000000021
 0.01000000000000000021
 0.00999999999978663269
 0.00983863246756649934
0.009999999999980651103
0.009991795203783212023
0.009995736526087423482
0.009031743696463390494
0.009999999468811629141
 0.00999254431351476527
 0.01000000000000000021
 0.01000000000000000021
0.009999998008973578351
 0.01000000000000000021
0.009999713437237543398
0.008824517371808711028
0.009999999999723346508
 0.01000000000000000021
0.009948819621814621733
 0.01000000000000000194
0.009999999999999998473
 0.01000000000000000021
 0.01000000000000000021
0.009996134392368100086
0.007549885865844662564
0.009995307890885979721
0.009070045730942867535
 0.00849527910495017323
0.008837753051242775923
0.009998228299735970048
0.009999870287915742575
 0.01000000000000000021
0.009631094520791279659
0.009999999999999998473
0.009999999999999998473
0.009999952333569905524
 0.01000000000000000021
0.009999999627989284573
0.009959961484995805484
0.009983364568797701427
0.009983270317241754385
0.008918863150515569591
  0.0099999999999999898
0.009999997936026371048
0.009614028819591209293
0.009999999997904464658
 0.01000000000000000021
0.009987936755636103378
 0.01000000000000000021
 0.00999824836071529742
0.009999999999994638178
0.009999100244379957592
 0.01000000000000000021
0.009999983311894750093
0.008420570484459237101
 0.01000000000000000194
 0.01000000000000000021
0.008969848536179629225
 0.00999999996653593709
 0.01000000000000000021
0.009824323395998759215
 0.01000000000000000021
0.009999995587808454059
0.009999999996069658045
0.009999994774575277079
 0.00960220127058221927
0.005713162951738153493
0.009683780135797813438
 0.01000000000000000021
0.009962536829101486385
 0.00999999999999976949
 0.01000000000000000021
0.009999999999931497713
0.009988285310387739341
 0.01000000000000000021
0.009999999999999998473
 0.01000000000000000021
 0.01000000000000000021
0.009999999999999996739
0.008854911009109954143
0.009391212941247993953
0.009999999895464285055
0.009999848561566149902
 0.01000000000000000021
 0.01000000000000000021
0.009999999999986021806
0.009999914104291237477
 0.01000000000000000021
0.008570079778617957847
0.009999998514025748575
0.009732051799604844386
  0.0099956987556502324
 0.01000000000000000194
0.009999999999999360095
0.009942944072864935007
0.009089464706650441511
0.009999999979099963299
 0.01000000000000000194
 0.01000000000000000194
0.009999326095406534456
0.009962482698679563792
0.009999999999999998473
 0.01000000000000000021
 0.01000000000000000021
0.009996077275310735061
0.009999998295320082151
0.009992521447442545557
 0.01000000000000000021
 0.00934446268575058088
0.009012530210637805309
 0.01000000000000000194
0.009999999996471614291
0.009135336072836354113
0.009912230115117317761
0.009999999999946298374
 0.01000000000000000194
0.009999999942124462513
0.009561838149427608763
0.009077244766781239135
 0.01000000000000000021
 0.01000000000000000021
0.009999967987044782944
0.009999999999715243615
0.009999999999574134268
0.009902149937132880692
 0.01000000000000000021
0.009999999999999995004
0.009722283269572976755
 0.01000000000000000021
 0.01000000000000000021
0.009999848754993793595
0.005641023353656337072
 0.01000000000000000021
0.009403282382737569722
0.009857075289259435713
 0.01000000000000000021
0.009492438736520211751
0.009999999999999998473
 0.01000000000000000021
0.009774064211186574147
0.009144015225337750324
0.009988973514946980839
0.009999999999999996739
 0.01000000000000000021
 0.01000000000000000021
 0.01000000000000000194
0.009999999998531600154
0.009998083942077054878
0.009999999283138555004
0.009999999568112660081
 0.01000000000000000021
0.009690625538242611525
0.009997990312297529852
0.009999991145052218242
0.009787624705266595102
 0.01000000000000000021
0.009999963307380465433
0.009999997449206592115
0.009999787235854477874
0.009999999999986632429
 0.01000000000000000021
0.009999998127707219325
0.009643992773357284998
0.008480586728021655141
 0.01000000000000000021
0.005829187103248916792
 0.01000000000000000021
 0.01000000000000000021
0.009999999999999998473
0.009432528967045324814
 0.00999688336855293104
 0.01000000000000000021
0.009999999977859589176
0.009999943884962879739
0.009999999629026928502
0.009999782895640662791
0.009999964832621709501
0.009649653953607860435
0.009999999999999972453
 0.01000000000000000021
0.009530255464613765493
0.009999998941398026767
0.009999999999070648127
 0.01000000000000000021
0.009999999999965101041
0.009504425471676384088
0.009052081600869919809
 0.01000000000000000021
0.008358417228300111385
 0.01000000000000000021
0.009904207431047428595
0.009998635408263727153
0.009999999999999719183
0.009864244585274037011
0.009134035316245479874
0.009844664234456375687
0.009994516264969444119
0.009999998752292639168
0.009654653084065347585
0.009999999986136938468
0.009999999992786490904
0.009999999907746550537
 0.01000000000000000021
0.009999998538311861626
0.009999999999999929085
 0.01000000000000000021
 0.00947230442296007058
0.007018148574371870473
0.009999999999679615864
0.009999999999984835256
0.009999999943762912305
0.009999999997591633299
0.008703517057918849428
0.009998314319575030834
0.009999442550995114865
 0.01000000000000000021
0.009875906244046042323
0.007732156010800223141
0.006381161327213406322
 0.01000000000000000021
0.009280067561605990362
0.009977061398568390707
 0.01000000000000000021
 0.00923933439463797343
0.009999999998809332852
0.009999999999999129377
0.009999999999999694897
0.009995490035681588864
0.009995307891433293651
0.009999878377387640474
0.009999411261737511589
0.009989425818952500993
 0.00960449059989957124
0.009999998456541113467
 0.01000000000000000021
0.009992015729383215208
0.009999999991758285606
0.009939252488822011497
 0.01000000000000000194
0.009999999999999998473
0.008775954721567757674
 0.01000000000000000021
0.009999999999995059716
0.009999382667840612041
0.009124685397630373507
 0.01000000000000000194
0.009907442397111554389
0.009999999752761253372
 0.01000000000000000021
 0.01000000000000000021
 0.01000000000000000194
0.009999999999999996739
 0.01000000000000000021
0.009998755326602782809
0.009999999999997538636
 0.01000000000000000021
 0.01000000000000000021
0.009999977509518235066
 0.01000000000000000021
0.008147406826507113883
0.009833553507684970538
 0.01000000000000000021
 0.00562216194694037559
 0.01000000000000000194
 0.01000000000000000021
 0.01000000000000000021
 0.01000000000000000021
0.009998126775369573643
0.009999978521231623479
 0.00962878848378850502
0.009999999999998166605
 0.01000000000000000021
0.009630798734197341254
0.009997215882881710716
0.009999999927574309763
 0.01000000000000000021
 0.01000000000000000194
0.009989049307074769971
 0.01000000000000000194
 0.01000000000000000021
0.009835533294624118975
0.009999999999999998473
0.009577986997396989791
 0.00999983342278805247
 0.01000000000000000021
0.009958619138540266216
0.009749505941484049032
0.009212515159940022277
0.009527710617193145548
0.009495290524514705954
0.009948692694593641583
0.009999999999999517955
0.009394358680542001447
0.009999999999999998473
0.009999999630437100828
 0.01000000000000000021
 0.01000000000000000021
 0.01000000000000000194
 0.01000000000000000021
 0.01000000000000000021
0.009999999999994919203
0.009999999999999998473
