0.009954124150030564319
 0.01000000000000000021
0.009999999993081728697
 0.01000000000000000021
 0.01000000000000000021
0.009998819681606709378
 0.01000000000000000021
0.009683332489508389776
0.009996173652857369418
0.009604070493306131329
 0.01000000000000000021
 0.01000000000000000021
 0.01000000000000000021
 0.01000000000000000021
0.009999347725141138551
 0.01000000000000000021
0.009999999999999998473
0.009999982003331048253
0.009999252461115604174
 0.01000000000000000021
 0.01000000000000000021
 0.01000000000000000021
0.009999720284444582608
 0.01000000000000000021
 0.01000000000000000021
 0.01000000000000000021
0.009917299380202594314
0.007505485528562596577
0.009999999999999998473
 0.01000000000000000021
 0.00994466279739148265
0.009944015930687031407
0.009999994297410413902
0.009999999999999998473
 0.01000000000000000021
 0.01000000000000000194
 0.00983268771183662231
0.008141002651243749513
 0.00999999999999996031
 0.01000000000000000194
0.009991945468571513528
 0.00946572365332102976
0.009951786729465362039
0.009999999999999755612
0.009999999997042922917
0.009999217183763019906
0.009999999999897171005
0.009999162779113475799
0.009999999999997156996
 0.01000000000000000021
 0.01000000000000000021
 0.01000000000000000021
 0.00999907261203970138
 0.01000000000000000021
0.009999999999520654478
 0.01000000000000000021
0.009999976419112072135
 0.01000000000000000021
 0.01000000000000000021
0.009999902814940373613
0.009579181142879644728
  0.0094557422679405808
0.009995437396894239074
0.009999682026665325518
0.009932906671036998564
0.009652296238545779797
0.009999999999998052114
0.009999990797159991063
 0.01000000000000000021
 0.00981562176685068892
0.009999999999999998473
 0.01000000000000000021
0.009999999999867252229
 0.01000000000000000021
 0.01000000000000000368
0.009999999999999693162
0.009999999775356234813
0.009999220681756956081
0.009793473962596766641
0.008730418721858940884
 0.01000000000000000021
0.009999999999996936687
0.009999916748223971683
0.009999999999487009517
 0.01000000000000000194
0.009997663846555725209
 0.01000000000000000021
0.009857064781752340396
0.009999999999995717176
 0.01000000000000000194
0.009189434863022510891
0.009984961962844263184
0.009999999999503178874
0.009999999979425088642
0.009369861906220107797
0.009219800299905753227
0.009999999999999995004
0.009969500667926275983
 0.01000000000000000021
 0.00997883595794770914
0.009999994957131825082
0.009999684850627240523
0.009999985731393462585
0.009999922461823587683
0.009998003334063268466
0.009971832984976367747
 0.01000000000000000021
0.009999935149121289696
0.009999999999999991535
0.009999999999994338071
0.009993221427733154499
 0.01000000000000000021
 0.01000000000000000194
0.009374745858960469025
0.009999999995450099821
0.009992350558225731802
 0.01000000000000000021
0.009999999999999998473
 0.01000000000000000194
0.007877836765207394884
 0.01000000000000000194
 0.01000000000000000021
0.009999999956248957489
0.008402509268041001567
0.009999999999999998473
 0.00999999999999961163
 0.01000000000000000021
0.009999999975568529473
 0.01000000000000000021
0.009998373574706459141
 0.01000000000000000021
0.009999999999999998473
 0.01000000000000000194
0.009999999882306369325
 0.01000000000000000021
0.009803211220422530098
 0.00999999999999879978
 0.01000000000000000021
0.009999999999999998473
0.009217430568500075555
0.009762188548194269261
0.009999994971471054539
 0.00751210581462362359
0.009989059243628264917
0.009987550802975217121
0.009999999999999998473
0.009999999999999998473
0.009965644981326803736
 0.01000000000000000021
0.009999999999993583466
 0.01000000000000000021
0.009999999989101979875
0.009972544902068850026
0.009999969134544864011
0.009999998981097170045
 0.01000000000000000021
0.009570102627653676031
 0.01000000000000000021
0.009999999961245195287
0.009963158912219036156
0.007930447555335411527
 0.00999999158753518344
 0.01000000000000000021
0.009349134044111853323
0.009999999999994457767
0.009997159326878404806
0.009999999999999995004
0.009996735663532201055
0.009999999999999998473
0.009998986421794888585
0.009999876166832358249
0.009999999999876737697
0.009999842733409224083
0.008509656371669687205
 0.01000000000000000021
0.009999765565621866054
0.009999969199091008482
 0.01000000000000000021
0.009126146960983084686
0.009959814381430717734
 0.01000000000000000021
0.008241603415622538245
 0.01000000000000000021
0.009998691070802695827
 0.01000000000000000194
0.009999999999999859696
0.009958343954589455801
0.009997838885918704926
0.009988983955689055561
0.009980953236483831523
0.009999999984047810986
0.009335676750473795305
0.009999999999880328574
0.009999786390774865683
0.009999994218443854915
0.009314434177664846284
0.009999999999999589079
 0.00999304820373132438
 0.01000000000000000021
0.009067245420978661472
 0.01000000000000000021
 0.01000000000000000021
0.009999999999861224065
0.009825520371322187321
0.009999999999987546628
 0.00999563697940936656
0.009997034937326596676
0.009231447234462062876
0.009999999652061872246
0.009988224111914809425
0.009999999999999998473
 0.01000000000000000021
0.009999998761934159389
 0.01000000000000000194
0.009999827914219400898
0.009367853828388710696
0.009999999999822992494
 0.01000000000000000021
0.009962288431647035522
 0.01000000000000000021
0.009999999999999998473
 0.01000000000000000021
 0.01000000000000000021
0.009997750886332004011
0.009283647115936334224
0.009997062205080229844
0.009446755408056234024
0.007378781194908055029
0.009592643294744858384
0.009998280392921613663
0.009999914958309572693
0.009999999999999998473
0.009547276575699599477
0.009999999999999998473
 0.01000000000000000021
0.009999971099450128548
 0.01000000000000000021
0.009999999765923915304
0.009964800235813685639
0.009984900650548009238
0.009984027163774132629
0.009506856458762327766
0.009999999999999993269
0.009999998680332232784
0.008588288503062948415
0.009999999998658370276
 0.01000000000000000021
0.009989709139212850711
 0.01000000000000000194
0.009998536625768900815
0.009999999999996556782
0.009999005835620257063
 0.01000000000000000021
0.009999989377131467475
0.009602939609150765859
 0.01000000000000000021
 0.01000000000000000021
0.007744145562773566485
0.009999999978862576799
 0.01000000000000000021
0.009858430955020053982
 0.01000000000000000021
0.009999997282938486928
0.009999999997490753925
 0.00999999669520327053
0.009934927432754321608
0.008335041011195037583
0.009625691528377059575
 0.01000000000000000021
0.009959039187597530651
0.009999999999999851022
 0.01000000000000000021
0.009999999999956434363
0.009993060951116508259
 0.01000000000000000021
0.009999999999999998473
 0.01000000000000000021
 0.01000000000000000021
0.009999999999999998473
 0.00949778419398125337
0.009211865735196720847
0.009999999931950833212
0.009999906616815842572
 0.01000000000000000021
 0.01000000000000000021
0.009999999999991095873
0.009999943572598606403
 0.01000000000000000021
0.005272148893883510552
 0.00999999909375882956
0.009260478216160123593
0.009996154744049282406
 0.01000000000000000194
0.009999999999999587344
0.009940981709356127433
0.009348747327082804551
 0.00999999998714137979
 0.01000000000000000021
 0.01000000000000000021
0.009999600666199403784
0.009979581584858012236
 0.01000000000000000021
 0.01000000000000000021
 0.01000000000000000021
0.009997444765014363785
0.009999998920434280403
0.009993612402423301955
 0.01000000000000000021
0.009625651254375240315
0.009042982745431114161
 0.01000000000000000021
0.009999999997726941731
0.009257934167263238631
0.009904078262935541582
0.009999999999965342168
 0.01000000000000000021
0.009999999963810426301
 0.00961675955232366847
0.009613604700386762028
 0.01000000000000000021
 0.01000000000000000021
0.009999979196624413785
0.009999999999818653951
0.009999999999726071759
0.009922209865391544426
 0.01000000000000000021
0.009999999999999996739
0.008432019579371634668
 0.01000000000000000021
0.009999999999999998473
0.009999897820558325059
0.006906226022290678536
 0.01000000000000000194
0.009382190084379436051
0.007480882575471073902
 0.01000000000000000021
0.009637466050823696728
 0.01000000000000000021
 0.01000000000000000021
0.009615790344244711657
0.008941605896414921498
0.009987007775804631476
0.009999999999999998473
0.009999999999999998473
 0.01000000000000000021
 0.01000000000000000021
0.009999999999066344278
0.009998859474364062486
0.009999999542088425231
0.009999999731280564616
 0.01000000000000000021
0.009783638781751528846
0.009997631803119222046
0.009999994386383522296
0.009818492690751126281
 0.01000000000000000021
0.009999975879056580488
0.009999998395387389022
0.009999876549962946268
0.009999999999991375163
 0.01000000000000000021
0.009999998812935525713
0.009424135108601934888
0.009442151572747425198
0.009999999999999998473
0.008146099998368745709
 0.01000000000000000021
 0.01000000000000000021
0.009999999999999998473
0.009764031414627866168
0.009998778324096339876
 0.01000000000000000021
 0.00999999998574559873
0.009999959101076618534
0.009999999757997930783
0.009999872128035238589
0.009999977612466055474
0.009542617731196481601
0.009999999999999982861
 0.01000000000000000021
0.009594618045252458968
0.009999999334955499836
0.009999999999401581324
 0.01000000000000000021
0.009999999999977545947
0.009085734314696993982
0.009601227850316491202
 0.01000000000000000021
0.009634975142656980462
 0.01000000000000000021
0.009850800088291377515
0.009999095992183931747
0.009999999999999819797
0.008527751881373843781
0.009794646033203706012
0.009915117400866861608
0.009995484169665141971
0.009999999211049184072
0.009159732913219901032
0.009999999990958782781
0.009999999995342102876
0.009999999940829073369
 0.01000000000000000021
0.009999999050304912013
0.009999999999999953371
 0.01000000000000000194
0.009486898343117266055
 0.00888321445076319452
0.009999999999793656585
0.009999999999990341268
0.009999999964019770995
0.009999999998464953813
0.008853956467362693317
0.009998899745184010313
0.009999645713713546311
 0.01000000000000000021
0.009838952199063936976
0.008050329784183145668
0.007209448434727564956
 0.01000000000000000021
0.009819248788578227929
0.009991972441971022287
 0.01000000000000000021
0.009357423152692230517
0.009999999999232154352
0.009999999999999446831
0.009999999999999804184
0.009997505962528055803
0.009996455938425283239
0.009999925444126898239
0.009999649238524708009
0.009992477561992427898
0.006306183397846282755
 0.00999999899073044686
 0.01000000000000000021
0.009994396560822934109
0.009999999994763562189
0.009961062979060077496
 0.01000000000000000194
0.009999999999999998473
0.009254205816795807796
 0.01000000000000000021
 0.00999999999999685342
0.009999577543864004991
0.009773950124182532312
 0.01000000000000000194
0.009948981486441063615
0.009999999838652309792
 0.01000000000000000021
 0.01000000000000000021
 0.01000000000000000194
0.009999999999999998473
 0.01000000000000000021
 0.00999914551376028353
0.009999999999998425079
0.009999999999999998473
 0.01000000000000000021
0.009999985293090388194
 0.01000000000000000021
0.008405090754263062208
0.009861969091002580415
 0.01000000000000000021
0.007100059854249434789
 0.01000000000000000021
0.009999999999999998473
 0.01000000000000000194
 0.01000000000000000021
0.009998541920886415413
0.009999986661377597424
0.009732961732377594377
 0.00999999999999882927
 0.01000000000000000021
0.009793892501291498118
0.009997960353717354198
0.009999999953784446255
 0.01000000000000000021
 0.01000000000000000021
0.009993794763827529293
 0.01000000000000000021
 0.01000000000000000194
0.009733768363870081916
 0.01000000000000000021
0.009562489189625242997
0.009999898629249557094
0.009999999999999998473
0.009952499829884935145
0.009430539933792484245
0.008972084246596052567
0.009591927475432159012
 0.00827938278996832866
0.009920380124470239147
0.009999999999999691427
 0.00965754789765142091
 0.01000000000000000021
0.009999999765893261006
 0.01000000000000000021
 0.01000000000000000194
 0.01000000000000000021
 0.01000000000000000021
 0.01000000000000000194
 0.00999999999999679097
0.009999999999999998473
