 0.00994399923555868738
 0.01000000000000000021
0.009999999989265930325
 0.01000000000000000021
 0.01000000000000000021
0.009996995975120860634
 0.01000000000000000021
0.009403019261654816177
0.009995416407294578295
0.009870564008069791437
 0.01000000000000000021
 0.01000000000000000021
 0.01000000000000000021
 0.01000000000000000021
0.009998752789352156195
 0.01000000000000000021
0.009999999999999998473
0.009999970840305886025
0.009999001922185359742
0.009999999999999998473
 0.01000000000000000021
 0.01000000000000000021
0.009999593769281613434
 0.01000000000000000021
 0.01000000000000000194
 0.01000000000000000021
0.009571601503672285197
0.008506470433154240257
 0.01000000000000000021
 0.01000000000000000021
0.009918922203872707066
0.009929036428917443688
0.009999990880915231653
0.009999999999999998473
 0.01000000000000000021
 0.01000000000000000021
0.009694655909541355365
0.007883818983875091543
0.009999999999999936023
 0.01000000000000000021
 0.00998129294333584445
0.009634941347098401401
0.009936489428331635523
0.009999999999999618569
0.009999999995412024376
 0.00999875074350032797
0.009999999999838079384
0.009998546147305770529
0.009999999999995550642
 0.01000000000000000021
 0.01000000000000000021
 0.01000000000000000021
0.009998616338905721296
 0.01000000000000000194
0.009999999999244568033
 0.01000000000000000021
0.009999959882475378467
0.009999999999999998473
 0.01000000000000000021
0.009999825863208876287
0.007944070393850026501
0.007873124289190706546
0.009991818812354604992
0.009999484489191070788
0.009769939524848001919
0.009352101853648403518
0.009999999999996924543
 0.00999998516429948664
0.009999999999999998473
0.008936219385061680912
0.009999999999999998473
 0.01000000000000000194
0.009999999999791175931
0.009999999999999998473
 0.01000000000000000368
0.009999999999999517955
0.009999999654825519196
0.009998701263461555119
0.009805202698950677559
0.009297678303384156531
 0.01000000000000000021
0.009999999999995153391
0.009999874755598471554
 0.00999999999919518566
 0.01000000000000000194
0.009996599593503527684
 0.01000000000000000021
0.009835245435827665028
0.009999999999993321523
 0.01000000000000000021
0.006402478116593709155
0.009972694518825982873
0.009999999999225496483
0.009999999967293728489
0.009796078130118032398
0.008594968465687387663
  0.0099999999999999898
 0.00997568474698734553
 0.01000000000000000021
  0.0099866157708110425
0.009999992140307141855
0.009999555205809218875
0.009999976186893981892
0.009999860058188484585
0.009996876617083792077
0.009961368864947424406
 0.01000000000000000194
0.009999913148661200568
0.009999999999999984596
0.009999999999991081995
0.009993096969478764552
 0.01000000000000000021
 0.01000000000000000194
0.007414602423327584964
0.009999999992777680244
0.009974541286686766303
 0.01000000000000000021
0.009999999999999998473
 0.01000000000000000194
0.008927268281459684041
 0.01000000000000000194
0.009999999999999998473
0.009999999931006531284
0.009697054186719636371
0.009999999999999998473
0.009999999999999393055
 0.01000000000000000021
0.009999999962572505077
0.009999999999999998473
0.009997730583728870607
 0.01000000000000000021
 0.01000000000000000021
 0.01000000000000000021
0.009999999807583826936
 0.01000000000000000021
0.009736143576319366416
0.009999999999998118033
 0.01000000000000000194
 0.01000000000000000021
0.007824120437978587805
0.009459644687616652545
0.009999992001020823265
0.009197719465870474176
0.009976224388202548782
0.009986525766608909602
0.009999999999999998473
0.009999999999999998473
0.009977040882451342421
0.009999999999999998473
0.009999999999989975241
 0.01000000000000000021
0.009999999983087631134
0.009982158372515296044
 0.00999994966124458616
0.009999998416708432911
 0.01000000000000000021
0.009638279714463718686
 0.01000000000000000021
 0.00999999994078355943
0.009965781307238500211
0.003900879461730118007
0.009999987020879478813
 0.01000000000000000021
0.007608225575189404497
0.009999999999991364755
0.009995011295110801941
0.009999999999999993269
 0.00999692857671364947
0.009999999999999998473
0.009998462136855953281
0.009999794393958819777
0.009999999999805893325
0.009999728055824781692
0.008906214092382194747
 0.01000000000000000021
0.009999649028919487675
0.009999952305455713994
 0.01000000000000000021
0.008269928363908328126
0.009921931146217539965
 0.01000000000000000021
0.008662451461194998689
 0.01000000000000000194
0.009998756909376923727
 0.01000000000000000194
0.009999999999999778164
0.009941007851133606271
0.009998612117365877905
0.009951918207381916029
0.009954724893647128384
0.009999999975088377097
0.008726334858687029988
0.009999999999811423623
0.009999705007855219305
0.009999991096414858477
0.008558619790408930963
0.009999999999999354891
0.009992300665002968457
0.009999999999999998473
0.008548927591952526495
 0.01000000000000000021
 0.01000000000000000021
0.009999999999785609203
0.009845447709228375907
 0.00999999999998054008
0.009991331202484939403
0.009995735031566204895
0.008601785329436140506
0.009999999466514452803
0.009992822538661901705
 0.01000000000000000021
 0.01000000000000000021
0.009999997990338878665
 0.01000000000000000021
 0.00999970919849567895
0.008744047720451420327
0.009999999999721597907
 0.01000000000000000021
0.009949549444429764064
 0.01000000000000000194
0.009999999999999998473
 0.01000000000000000021
0.009999999999999998473
0.009996070924564939494
0.006254593928586882866
0.009995236325283969256
0.009382115264877961477
0.008713137681242181729
0.006325208829177217905
0.009998272058899849296
0.009999869459420931625
 0.01000000000000000021
0.009405753077099530957
0.009999999999999998473
0.009999999999999998473
0.009999951720305048225
 0.01000000000000000021
0.009999999624980254048
0.009958886042252222681
0.009983575664316379425
0.009983495586526693749
0.008887251168105679208
  0.0099999999999999898
 0.00999999792323067252
0.009008000068972340374
0.009999999997891573927
 0.01000000000000000021
0.009988024812204962868
 0.01000000000000000021
0.009998226863476029208
0.009999999999994605218
0.009999102503819868801
 0.01000000000000000021
0.009999983213933931817
0.005460299701754338722
 0.01000000000000000194
 0.01000000000000000021
0.008595388491092108632
0.009999999966275071109
 0.01000000000000000021
0.009816107454472781588
 0.01000000000000000021
0.009999995542739916615
0.009999999996044582617
0.009999994733970634167
0.009566955141972952742
0.005705424119385805667
0.009562973455297387251
 0.01000000000000000021
0.009959483134585160602
0.009999999999999767755
 0.01000000000000000021
0.009999999999931020664
0.009988134475099632453
 0.01000000000000000021
0.009999999999999998473
 0.01000000000000000021
 0.01000000000000000021
0.009999999999999996739
0.009120442365294308129
0.009436835752632429658
0.009999999894964969188
0.009999847295112850032
 0.01000000000000000021
 0.01000000000000000021
0.009999999999985926397
0.009999913651859945393
 0.01000000000000000021
 0.00885171474078160804
0.009999998494527394255
  0.0095813341025359159
0.009995589051096162928
 0.01000000000000000194
0.009999999999999356626
 0.00994691344792757691
0.009030896717931065354
0.009999999978871370113
0.009999999999999998473
 0.01000000000000000194
0.009999317076959588629
0.009961175772638037815
0.009999999999999998473
 0.01000000000000000021
 0.01000000000000000021
0.009996027958660674492
  0.0099999982823145879
0.009992237179025463892
 0.01000000000000000021
0.007609497785227295301
0.008802848739798606326
 0.01000000000000000194
0.009999999996451605991
0.007501223690789114718
 0.00991959340926249801
0.009999999999946001736
 0.01000000000000000194
0.009999999941607150625
 0.00957582042211300305
0.009120476742657875058
 0.01000000000000000021
 0.01000000000000000021
0.009999967812701907738
 0.00999999999971329899
0.009999999999571657083
0.009902434204961110473
 0.01000000000000000021
0.009999999999999995004
 0.00931551894329384414
 0.01000000000000000194
 0.01000000000000000021
 0.00999984860526290445
0.005467945423838020333
 0.01000000000000000021
0.009686886758566505204
0.009852674324925148053
 0.01000000000000000021
0.008736004525242700366
0.009999999999999998473
 0.01000000000000000021
0.009774343906968931822
0.009409120872870222266
0.009989236227588524711
0.009999999999999996739
 0.01000000000000000021
 0.01000000000000000194
 0.01000000000000000194
0.009999999998521578656
0.009998056115049747464
0.009999999279227284391
0.009999999563990389848
 0.01000000000000000021
0.009676166475435975245
 0.00999806123327027195
0.009999991089497639943
   0.009795405289030161
 0.01000000000000000021
0.009999963128880953386
0.009999997428509451933
 0.00999978284690128047
0.009999999999986559571
 0.01000000000000000021
 0.00999999811238169202
0.009685268844907482869
0.008546001410594413622
 0.01000000000000000021
0.005974483270235845037
 0.01000000000000000021
 0.01000000000000000021
0.009999999999999998473
0.009450184797464062161
0.009996730638743451039
 0.01000000000000000021
  0.0099999999777299238
0.009999944059420480882
0.009999999627348883646
  0.0099997790916697641
0.009999964621966311862
 0.00963542293822539607
0.009999999999999972453
 0.01000000000000000021
 0.00958005213473828339
0.009999998933092718936
0.009999999999065213238
 0.01000000000000000021
0.009999999999964894609
0.009502886401976499281
0.008081901798845490467
 0.01000000000000000021
0.006808872468053409933
 0.01000000000000000021
0.009906325273946385221
0.009998624019115921746
0.009999999999999717448
0.009789203876243665961
0.009098602983644975273
0.009837767390138243626
0.009994626450973737031
0.009999998744405391021
0.009492052796068337073
 0.00999999998607391076
0.009999999992745070912
0.009999999907143694231
 0.01000000000000000021
0.009999998530508822162
 0.00999999999999992735
 0.01000000000000000021
0.008296549249768879475
0.005788976589072887188
0.009999999999677745832
0.009999999999984729437
0.009999999943379370149
0.009999999997575344246
0.007908570446626466896
0.009998300905960004828
0.009999436139994363759
 0.01000000000000000021
0.009864732530430787155
0.007040070734421351693
 0.00633613228463905491
 0.01000000000000000021
0.008333356735136326909
0.009975358768786881519
 0.01000000000000000021
0.008519172438815437315
0.009999999998802707943
0.009999999999999122438
0.009999999999999694897
0.009995390796534088518
0.009995267461106328855
0.009999877073363134042
0.009999402418044381347
0.009989279100992082966
0.009707443049065962726
0.009999998450018386664
 0.01000000000000000021
0.009990889444528659735
0.009999999991701495963
0.009941665921130713943
 0.01000000000000000194
0.009999999999999998473
0.008785484682878184209
 0.01000000000000000021
0.009999999999995025021
0.009999382874614524269
 0.00900604342911416611
 0.01000000000000000194
0.009906119649150044171
0.009999999751652206489
 0.01000000000000000021
 0.01000000000000000021
 0.01000000000000000194
0.009999999999999998473
 0.01000000000000000021
 0.00999874746352104847
0.009999999999997521288
0.009999999999999998473
 0.01000000000000000021
0.009999977408440056253
 0.01000000000000000021
0.008078565721442165781
0.009834377192969367965
 0.01000000000000000021
0.005538640281725890069
 0.01000000000000000194
 0.01000000000000000021
 0.01000000000000000021
 0.01000000000000000021
0.009998138749195651862
0.009999978317263116465
0.009628881953375431277
0.009999999999998156197
 0.01000000000000000021
0.009609500122070232381
0.009997204301520358147
0.009999999927110328479
 0.01000000000000000021
 0.01000000000000000194
0.009988806360195731995
 0.01000000000000000194
 0.01000000000000000021
0.009838886234911923059
0.009999999999999998473
0.009556508911067518319
0.009999831507590454735
 0.01000000000000000021
  0.0099571812655066122
 0.00962354308161743506
0.009540223448864362799
0.008230365424640655875
0.009555862712671307421
0.009947723597727000169
 0.00999999999999951622
0.008536445742727655564
0.009999999999999998473
0.009999999627714178246
 0.01000000000000000021
 0.01000000000000000021
 0.01000000000000000194
 0.01000000000000000021
 0.01000000000000000021
0.009999999999994879304
0.009999999999999998473
