0.009954726947666360862
 0.01000000000000000021
0.009999999992575241484
 0.01000000000000000021
 0.01000000000000000021
 0.00999870410703614966
 0.01000000000000000021
 0.00957941668004496337
0.009996094292838894266
0.009642344662164762867
 0.01000000000000000021
 0.01000000000000000021
 0.01000000000000000021
 0.01000000000000000021
0.009999293655868117872
 0.01000000000000000021
0.009999999999999998473
0.009999980622442540545
0.009999210863297370785
 0.01000000000000000021
 0.01000000000000000021
 0.01000000000000000021
0.009999703962089778048
 0.01000000000000000021
 0.01000000000000000021
 0.01000000000000000021
 0.00989577337671137397
0.007447329352312089153
0.009999999999999998473
 0.01000000000000000021
0.009939747470478594096
 0.00994529591305931028
0.009999993866962597622
0.009999999999999998473
 0.01000000000000000194
 0.01000000000000000194
0.009827943937961852727
0.008103767693889237303
0.009999999999999955105
 0.01000000000000000194
0.009990868383374311434
0.009529791146693200252
0.009952496906148787861
0.009999999999999738265
0.009999999996826438101
0.009999160208347590909
0.009999999999889522609
0.009999089514155078823
0.009999999999996947095
 0.01000000000000000021
 0.01000000000000000021
 0.01000000000000000021
0.009999022976570740712
 0.01000000000000000021
0.009999999999485021523
 0.01000000000000000021
0.009999974551809245882
0.009999999999999998473
0.009999999999999998473
0.009999894789323870645
0.009641847780395640735
0.009225194498651757835
0.009995096051515005992
0.009999659332174865023
 0.00991774716639095763
0.009615507814816721607
0.009999999999997908132
0.009999990102851696178
 0.01000000000000000021
0.009817994488684341284
0.009999999999999998473
 0.01000000000000000021
0.009999999999857402469
 0.01000000000000000021
 0.01000000000000000194
0.009999999999999670611
0.009999999758995474844
0.009999157242542173682
0.009795205992724759572
0.006672516456777253906
 0.01000000000000000021
0.009999999999996709438
 0.00999991091763258351
0.009999999999448984378
 0.01000000000000000021
0.009997509944879681351
 0.01000000000000000021
0.009848375466744305889
0.009999999999995403191
 0.01000000000000000194
0.009078324818536671198
0.009983852365812933422
0.009999999999466595291
0.009999999977884787769
0.008670159741302675693
0.009365764481313629958
0.009999999999999993269
 0.00996906785659689744
 0.01000000000000000021
 0.00997920345762054288
0.009999994585345582665
0.009999663834555895525
 0.00999998461852528997
0.009999916397136982341
 0.00999787492602299474
0.009969907047546590004
 0.01000000000000000021
0.009999931219973622748
  0.0099999999999999898
0.009999999999993918268
0.009992850077164616013
 0.01000000000000000021
 0.01000000000000000194
0.009011477073867339704
0.009999999995109632583
0.009991488652968501943
 0.01000000000000000021
0.009999999999999998473
 0.01000000000000000021
0.007959549299509229708
 0.01000000000000000021
 0.01000000000000000021
0.009999999952988914212
0.008635991188459877024
0.009999999999999998473
0.009999999999999583875
 0.01000000000000000021
0.009999999973809889364
 0.01000000000000000021
0.009998305963743759142
0.009999999999999998473
0.009999999999999998473
 0.01000000000000000194
0.009999999873334847883
 0.01000000000000000021
0.009803034478741538132
0.009999999999998713043
 0.01000000000000000021
0.009999999999999998473
0.009147097142219857285
0.009631004000374651999
0.009999994598649445884
 0.00692503841951324934
0.009987779176607756645
0.009987267795591702954
0.009999999999999998473
0.009999999999999998473
0.009967257990423319947
0.009999999999999998473
0.009999999999993109887
 0.01000000000000000021
0.009999999988303932483
0.009975184357224097312
0.009999966747460491828
0.009999998906767818344
 0.01000000000000000021
0.009055924790001170302
 0.01000000000000000021
0.009999999958457203228
0.009966079011748564878
0.008303134608124932564
0.009999990972271688774
 0.01000000000000000021
0.009397019451001936696
0.009999999999994050107
0.009996932963162889763
0.009999999999999995004
0.009996827238732183124
0.009999999999999998473
0.009998918667878435584
0.009999866576625823095
0.009999999999867588765
0.009999832360174929977
0.008581220695928324163
0.009999999999999998473
  0.0099997491817873322
0.009999966983348174479
 0.01000000000000000021
0.008844111642012925448
0.009955099429226288432
 0.01000000000000000021
 0.00806618790765942055
 0.01000000000000000021
0.009998675404705439571
 0.01000000000000000194
0.009999999999999847553
0.009957517318190511196
0.009997839483497441421
0.009987049203495071067
0.009980040518145874215
0.009999999982873895854
0.009249034017923495749
0.009999999999871419035
 0.00999977227218841469
0.009999993801927602871
0.009219985308647805217
0.009999999999999559588
0.009992591914718969293
0.009999999999999998473
0.009019708966991956539
 0.01000000000000000021
 0.01000000000000000021
0.009999999999851086341
0.009822752618584163625
 0.00999999999998662896
0.009995447365470104886
0.009996836114547318075
0.009368624125871223909
 0.00999999962684539577
0.009988877365066114664
0.009999999999999998473
 0.01000000000000000021
0.009999998667753697348
 0.01000000000000000194
0.009999814808300651336
0.009268627019704519035
0.009999999999809850229
0.009999999999999998473
0.009959400500711123802
 0.01000000000000000021
0.009999999999999998473
 0.01000000000000000021
 0.01000000000000000021
0.009997578814196545274
0.009033170468776002479
0.009996907367352678847
0.009080042146069120315
0.007025055662291166021
0.009810909621042005618
0.009998208033896264016
0.009999908913162811053
0.009999999999999998473
0.009631038130033700573
0.009999999999999998473
 0.01000000000000000021
0.009999968886612599014
 0.01000000000000000021
0.009999999748295596361
0.009962563230913464365
0.009984719754625365207
0.009983644963826593041
0.008989826157561879583
0.009999999999999993269
0.009999998582219293136
0.009569673993059258851
 0.00999999999855875378
 0.01000000000000000021
0.009989262258694602686
 0.01000000000000000194
0.009998470601820848985
0.009999999999996301778
0.009998989035576817327
 0.01000000000000000021
0.009999988582407406609
0.009670339119151582716
 0.01000000000000000021
 0.01000000000000000021
 0.00786609538650168659
0.009999999977277500979
 0.01000000000000000021
0.009827971863537119865
 0.01000000000000000021
0.009999997074202482752
0.009999999997303882573
 0.00999999644855304598
0.009921113373556991397
0.008095092297788606187
0.009708809745303583275
 0.01000000000000000021
0.009954986190519521036
0.009999999999999842348
 0.01000000000000000021
0.009999999999953183491
0.009992555199308304423
 0.01000000000000000021
0.009999999999999998473
 0.01000000000000000021
 0.01000000000000000021
0.009999999999999996739
0.009352188603393781982
0.009234988501269473377
0.009999999926986448406
0.009999899378806888228
 0.01000000000000000021
 0.01000000000000000021
0.009999999999990431473
0.009999939552487286179
 0.01000000000000000021
0.002860697769151254993
0.009999999024544539011
0.009701302596233989453
0.009995995660764396898
 0.01000000000000000021
0.009999999999999557854
0.009942198525623970745
0.009041475584170444862
0.009999999986157840151
0.009999999999999998473
 0.01000000000000000021
0.009999569322373308422
0.009978250217735903232
 0.01000000000000000021
 0.01000000000000000021
 0.01000000000000000021
0.009997321175004474439
0.009999998839757100189
0.009993151286363376185
 0.01000000000000000021
0.009641307298326105141
0.009217669427494913983
 0.01000000000000000194
0.009999999997559284176
0.009761237249683200196
0.009897863626182912614
0.009999999999962792124
 0.01000000000000000021
 0.00999999996107529647
0.009663364276758379043
0.009536168272539519847
 0.01000000000000000021
 0.01000000000000000021
0.009999977683769778816
0.009999999999805136985
0.009999999999705836209
0.009913651706098655994
 0.01000000000000000021
0.009999999999999995004
0.009352737998308560674
 0.01000000000000000021
0.009999999999999998473
0.009999890624910785439
0.007047260099994033522
 0.01000000000000000194
0.008151657822056936065
0.008866179889253233623
 0.01000000000000000021
 0.00942645508800175197
 0.01000000000000000021
 0.01000000000000000021
0.009621060053768970902
0.007556258482848640136
0.009986963015013686218
0.009999999999999998473
0.009999999999999998473
 0.01000000000000000021
 0.01000000000000000021
0.009999999998996596251
0.009998770425809084747
0.009999999507939581755
0.009999999710897173461
 0.01000000000000000021
0.009756897935259165738
0.009997572995566202103
0.009999993962726515251
0.009811318384733966336
 0.01000000000000000021
0.009999974162363312047
0.009999998274517366698
0.009999867019431757376
0.009999999999990740254
 0.01000000000000000021
0.009999998724881902293
 0.00942614992439916137
0.009020240835895180012
 0.01000000000000000021
0.007860806575112649908
 0.01000000000000000021
 0.01000000000000000021
0.009999999999999998473
0.009721197223650852176
0.009998651627662114016
 0.01000000000000000021
0.009999999984695039784
0.009999956490998383393
0.009999999740370073276
0.009999862308613615552
0.009999975938895610053
0.009403226036516025219
0.009999999999999981126
 0.01000000000000000021
 0.00959670978894939207
0.009999999284685347212
 0.00999999999935747598
 0.01000000000000000021
0.009999999999975887552
 0.00903805063811643182
 0.00957514911480285974
 0.01000000000000000021
0.009375086058805879793
 0.01000000000000000021
0.009863137425473698927
0.009999038629019211741
0.009999999999999805919
 0.00943228319796064231
0.009720073331850567072
0.009911108193648064668
0.009995204015346611723
0.009999999151263280414
0.007407513875064569535
0.009999999990300040623
    0.00999999999500009
0.009999999936464956662
 0.01000000000000000021
0.009999998981148857866
0.009999999999999951636
 0.01000000000000000194
0.008942859590270161793
0.008855916307140825061
0.009999999999778453469
0.009999999999989621358
0.009999999961360948181
0.009999999998350651148
0.007826617243082987022
0.009998823633050168275
0.009999620907442946169
 0.01000000000000000021
0.009861044212028543393
0.007911984898852522305
0.007100675263830949144
 0.01000000000000000021
0.009700695693990877416
 0.00999080760777810821
 0.01000000000000000021
0.009402155956086967123
0.009999999999175572876
0.009999999999999405198
0.009999999999999790307
0.009997296474808358563
0.009996372161948796284
0.009999919696725239476
0.009999622076008471763
0.009991958362742862226
0.008227762613715950898
 0.00999999891726247904
 0.01000000000000000021
 0.00999409344969816836
0.009999999994372092346
0.009958444311300060706
 0.01000000000000000021
0.009999999999999996739
0.009325493530527449032
 0.01000000000000000021
0.009999999999996617497
0.009999548161571236021
0.009740345821519818398
 0.01000000000000000194
0.009943525582938020704
0.009999999826903862091
 0.01000000000000000021
 0.01000000000000000021
 0.01000000000000000194
0.009999999999999998473
 0.01000000000000000021
0.009999089834955444261
0.009999999999998308853
0.009999999999999996739
 0.01000000000000000021
0.009999984226515011565
 0.01000000000000000021
0.008219306361392396051
0.009854394273650290623
 0.01000000000000000021
0.006631602489522687473
 0.01000000000000000021
0.009999999999999998473
 0.01000000000000000194
 0.01000000000000000021
0.009998477997218094965
 0.00999998564564245733
0.009749156883949158803
0.009999999999998744268
 0.01000000000000000021
0.009783847603874892829
0.009997844183275410995
0.009999999950340399124
 0.01000000000000000021
 0.01000000000000000021
0.009993285974334895072
 0.01000000000000000021
 0.01000000000000000194
0.009723947231710161621
 0.01000000000000000021
0.009619138283450977267
0.009999890767093467733
0.009999999999999998473
0.009950527648132208303
0.009666698896739983962
0.008243299267721757029
0.009760155243528013252
0.008334803818610242096
0.009917193032714906667
0.009999999999999668876
0.009613664185007690655
0.009999999999999998473
0.009999999748361271257
 0.01000000000000000021
 0.01000000000000000194
 0.01000000000000000194
 0.01000000000000000021
 0.01000000000000000194
0.009999999999996549843
0.009999999999999998473
