0.009958811973449145649
 0.01000000000000000021
0.009999999994177085141
 0.01000000000000000021
 0.01000000000000000021
0.009999037621527420358
 0.01000000000000000021
 0.00974806445650325086
0.009996548867710987329
0.009637023630454452303
 0.01000000000000000021
 0.01000000000000000021
 0.01000000000000000021
 0.01000000000000000021
0.009999456400297524611
 0.01000000000000000021
0.009999999999999998473
0.009999984944360653868
0.009999348691640369893
 0.01000000000000000021
0.009999999999999998473
 0.01000000000000000021
0.009999757593973172473
 0.01000000000000000021
 0.01000000000000000021
 0.01000000000000000021
0.009938867453844110397
0.007665900747665930701
 0.01000000000000000021
 0.01000000000000000021
0.009951847307372328755
0.009946466249462276518
0.009999995218327773633
0.009999999999999998473
 0.01000000000000000194
 0.01000000000000000194
0.009800963680127026956
0.008240837845657801586
0.009999999999999967248
 0.01000000000000000021
0.009993663449023458892
0.009457796235632429452
0.009954498169425436346
0.009999999999999795511
0.009999999997511103966
0.009999340196361953398
0.009999999999913628326
0.009999311602274406005
0.009999999999997609759
 0.01000000000000000021
 0.01000000000000000021
 0.01000000000000000021
0.009999190092763088691
 0.01000000000000000194
0.009999999999597327521
0.009999999999999998473
0.009999980341777304702
 0.01000000000000000021
0.009999999999999998473
0.009999919411902742292
0.007623165747446957081
0.009363148885642063116
0.009996165835804909222
0.009999731007692247431
0.009949047283750952347
0.008958010711188270359
0.009999999999998364364
0.009999992281217751425
 0.01000000000000000021
0.009777482678842411637
 0.01000000000000000021
 0.01000000000000000021
0.009999999999888457489
 0.01000000000000000021
 0.01000000000000000368
0.009999999999999741734
0.009999999810830516311
0.009999353044551939282
0.009800696262916103185
0.009776745557333236733
 0.01000000000000000021
0.009999999999997425879
0.009999929556402097422
0.009999999999568921424
 0.01000000000000000194
0.009998003314613038844
 0.01000000000000000021
0.009885458147140768065
0.009999999999996398922
 0.01000000000000000194
0.009219648452250362586
0.009987641217342991054
0.009999999999582159099
0.009999999982731122908
 0.00988285928224282538
0.005217190216545979954
0.009999999999999993269
0.009972188109407515919
 0.01000000000000000021
0.009979404779158911748
0.009999995759636757381
0.009999731850642490025
0.009999988083520448823
0.009999935214832911604
0.009998291752191456119
0.009977860172414683079
 0.01000000000000000021
0.009999944263598728109
0.009999999999999993269
0.009999999999995243596
0.009994180844158980642
 0.01000000000000000021
 0.01000000000000000194
0.009712752213385760294
0.009999999996180985659
0.009994039403906009034
 0.01000000000000000021
0.009999999999999998473
 0.01000000000000000194
0.007504477740294461866
 0.01000000000000000194
 0.01000000000000000021
0.009999999963259268224
 0.00923625343958392464
0.009999999999999998473
 0.00999999999999967408
 0.01000000000000000021
0.009999999979393861885
 0.01000000000000000021
0.009998530400991164149
 0.01000000000000000021
 0.01000000000000000021
 0.01000000000000000194
0.009999999901429029378
 0.01000000000000000021
0.009827386204514079737
0.009999999999998992334
 0.01000000000000000021
 0.01000000000000000021
0.009365374359237621515
0.009717378799510532905
0.009999995773428752704
0.008024938632986479761
0.009991347123556719792
0.009988473145763576005
0.009999999999999998473
0.009999999999999998473
0.009963649728568143085
 0.01000000000000000021
0.009999999999994603483
 0.01000000000000000021
0.009999999990827750443
0.009973225827315865613
 0.00999997420606627864
0.009999999141941462791
 0.01000000000000000021
0.009791726770105379368
 0.01000000000000000021
0.009999999967311653387
0.009955338051838893629
0.006139946265716504648
0.009999992919668592231
 0.01000000000000000021
0.008639364365431438653
0.009999999999995339006
0.009997637647291701332
0.009999999999999996739
0.009996601713242988033
0.009999999999999998473
0.009999132235859633025
0.009999896505040182723
0.009999999999896430278
0.009999865431672220681
0.008441611972704458552
0.009999999999999998473
0.009999801304274327091
0.009999973995826116555
 0.01000000000000000021
0.009389036787318467275
 0.00997182542603163545
 0.01000000000000000021
 0.00882992112875421141
 0.01000000000000000021
0.009998769470714546567
 0.01000000000000000194
0.009999999999999880512
0.009962777898951391542
 0.00999795584685639338
0.009991958596989279628
0.009981733993756410073
0.009999999986582304434
0.008607914549771516002
 0.00999999999989949033
0.009999818179734007786
0.009999995122907610542
0.009478805995410330421
0.009999999999999654998
0.009994284219007755488
 0.01000000000000000021
0.008927480332312604308
 0.01000000000000000021
 0.01000000000000000021
0.009999999999883170052
0.009849242906527243269
0.009999999999989531152
0.009996066388077456955
0.009997472246049939407
0.008149257801486153516
0.009999999706808048588
0.009987451573996950285
0.009999999999999998473
 0.01000000000000000021
0.009999998962934042793
 0.01000000000000000021
0.009999855763049200416
0.009319746631767152761
0.009999999999851282365
 0.01000000000000000021
0.009967763026827825695
 0.01000000000000000021
0.009999999999999998473
 0.01000000000000000021
 0.01000000000000000021
0.009998115901293049002
0.008612667857091022353
0.009997448277447100809
0.009657502366224831811
0.007511025887718549877
 0.00695640457120657793
0.009998479698228193366
0.009999928157949766055
0.009999999999999998473
0.009598384195871757785
0.009999999999999998473
 0.01000000000000000021
0.009999975801041251916
 0.01000000000000000021
0.009999999803682902214
0.009967824263233636406
0.009984429187899403896
0.009984184037325798816
 0.00978869929922229591
0.009999999999999995004
0.009999998891470294679
0.005693357569110922035
0.009999999998872832405
0.009999999999999998473
0.009990968962706073958
 0.01000000000000000194
0.009998696486871641587
0.009999999999997106689
0.009999081912148238827
 0.01000000000000000021
0.009999991084452583556
0.008796491441278114776
 0.01000000000000000021
 0.01000000000000000021
0.006786703762343765205
0.009999999982262081435
 0.01000000000000000194
0.009919477821897840913
 0.01000000000000000021
0.009999997726926635258
0.009999999997892668538
0.009999997224402333573
0.009958217670916270567
0.008754547181888765878
0.009592892729463469229
 0.01000000000000000021
0.009974411279321937843
0.009999999999999877043
 0.01000000000000000021
0.009999999999963420094
 0.00999419079649033204
 0.01000000000000000021
0.009999999999999998473
 0.01000000000000000021
0.009999999999999998473
0.009999999999999998473
0.009431070176838061286
0.009297498575501505352
0.009999999942702090736
 0.00999992197876663734
 0.01000000000000000021
 0.01000000000000000021
0.009999999999992521815
0.009999952316659382195
 0.01000000000000000021
0.009001091161786599001
0.009999999241015461796
0.007980299921639202182
0.009996549717747811245
 0.01000000000000000194
0.009999999999999653263
0.009945157454878512937
0.009453445196082021704
0.009999999989235137249
 0.01000000000000000021
 0.01000000000000000021
0.009999666740779370941
0.009983050818639619892
 0.01000000000000000021
 0.01000000000000000021
 0.01000000000000000021
0.009997768164196610061
0.009999999093645876511
0.009994746302756554734
 0.01000000000000000021
0.009115016571476347237
0.008703126692635320891
 0.01000000000000000021
0.009999999998088716577
0.002425971265274639785
0.009923055619482258963
 0.00999999999997085165
 0.01000000000000000021
0.009999999969659140175
0.009581477092523721026
0.009738130284254797875
 0.01000000000000000021
 0.01000000000000000021
 0.00999998247405845149
0.009999999999847708834
0.009999999999769708728
0.009942189666998359904
 0.01000000000000000021
0.009999999999999996739
 0.00833038491239641854
 0.01000000000000000021
 0.01000000000000000021
0.009999913551969922057
0.006339135999760515776
 0.01000000000000000194
 0.00977305140937789231
0.008559494133151076059
 0.01000000000000000021
0.009265203051378760254
 0.01000000000000000021
 0.01000000000000000021
0.009634361853764364034
 0.00932435084116263295
0.009987722142731350269
0.009999999999999998473
0.009999999999999998473
 0.01000000000000000021
 0.01000000000000000021
 0.00999999999921617061
0.009999048584649802493
0.009999999615540424922
0.009999999774807550451
 0.01000000000000000021
0.009870450097531116226
0.009997847786064740019
0.009999995293929376736
 0.00984710540068733757
 0.01000000000000000021
 0.00999997961410637598
0.009999998654264319331
 0.00999989668743435367
0.009999999999992745595
 0.01000000000000000021
0.009999999002327909434
0.009481801873116505949
0.009648944804202669312
 0.01000000000000000021
0.008508870876967444818
 0.01000000000000000021
 0.01000000000000000021
 0.01000000000000000021
0.009822149636484592966
  0.0099990075098694009
 0.01000000000000000021
0.009999999988012557919
0.009999965036737848423
0.009999999796197997157
0.009999892912179465451
0.009999981208717778972
0.009838016828089903715
0.009999999999999984596
 0.01000000000000000021
0.009630262143412818623
0.009999999442492191193
0.009999999999496763867
 0.01000000000000000021
0.009999999999981119478
0.009315953168250824812
0.009037095206780684786
 0.01000000000000000021
 0.00973153864758383863
 0.01000000000000000021
0.009827154577996953522
0.009999219819372198725
0.009999999999999847553
0.008170459331670824193
0.009819780056236630111
0.009926557319001265423
0.009996152783956919682
 0.00999999933895787986
0.009830942643127529162
0.009999999992386177441
0.009999999996081102016
0.009999999950240708035
 0.01000000000000000021
0.009999999200079802419
0.009999999999999962044
 0.01000000000000000194
0.009775155475942872568
0.008746771186780313845
0.009999999999826470615
0.009999999999991888641
0.009999999969749590392
0.009999999998710753721
0.009313990023698117543
0.009999066820567821187
0.009999699947153004378
 0.01000000000000000021
0.009783796842091192769
0.008096564269389650015
0.006804265361852843141
 0.01000000000000000021
0.009574436712400047345
0.009993571020599563426
0.009999999999999998473
0.008846500431268241801
0.009999999999354292762
0.009999999999999535302
0.009999999999999835409
0.009997939077120586784
0.009996804244949215185
0.009999937652968719434
0.009999706613295267568
0.009993664934352853094
0.008541051072774353409
0.009999999150054150396
 0.01000000000000000021
0.009995116663614850641
0.009999999995604259492
0.009966281751210594175
 0.01000000000000000194
0.009999999999999998473
0.009469089796419753041
 0.01000000000000000021
0.009999999999997358224
0.009999641994278571019
0.009679845130725058672
 0.01000000000000000194
0.009960471759117808799
0.009999999864114834242
 0.01000000000000000021
 0.01000000000000000021
 0.01000000000000000194
 0.01000000000000000021
 0.01000000000000000194
0.009999268848851501634
0.009999999999998676614
 0.01000000000000000021
 0.01000000000000000021
0.009999987606997233838
 0.01000000000000000021
0.009087851903928665515
0.009882363413057700802
 0.01000000000000000021
0.007887619768002757104
 0.01000000000000000021
0.009999999999999998473
 0.01000000000000000194
 0.01000000000000000021
 0.00999867766439697242
0.009999988828294585283
0.009665265553284261429
 0.00999999999999901662
 0.01000000000000000021
0.009832228134882260023
 0.00999822260262930515
0.009999999961190145573
 0.01000000000000000021
 0.01000000000000000021
0.009994865726797131505
 0.01000000000000000021
 0.01000000000000000021
0.009777937949396364042
0.009999999999999998473
0.009377379060057094637
0.009999915294886594155
 0.01000000000000000021
  0.0099583489581401511
0.009534778118820315396
0.009058136179798174231
0.009283942609832739751
0.008525316604349271812
0.009935180109340505453
    0.00999999999999974
0.009670476187234520321
 0.01000000000000000021
0.009999999803518670738
 0.01000000000000000021
 0.01000000000000000194
 0.01000000000000000021
 0.01000000000000000021
 0.01000000000000000194
0.009999999999997306183
0.009999999999999998473
