0.009956380660015182182
 0.01000000000000000021
0.009999999992098881213
 0.01000000000000000021
 0.01000000000000000021
0.009998584580479596279
 0.01000000000000000021
0.009450984869318298717
 0.00999606269723431369
0.009719371907515868964
 0.01000000000000000021
 0.01000000000000000021
 0.01000000000000000021
 0.01000000000000000021
0.009999240106202209738
 0.01000000000000000021
0.009999999999999998473
0.009999979308837489422
0.009999173961792572757
 0.01000000000000000021
 0.01000000000000000021
 0.01000000000000000021
0.009999689096536690941
 0.01000000000000000021
 0.01000000000000000021
 0.01000000000000000021
0.009868174387969592606
0.007595085214491669769
 0.01000000000000000021
 0.01000000000000000021
0.009934700970573747542
0.009947308930345254152
0.009999993458776265665
0.009999999999999998473
 0.01000000000000000021
 0.01000000000000000194
0.009817905033570620277
0.008028312998275720022
0.009999999999999953371
 0.01000000000000000194
0.009989627961308991666
0.009589368643888268248
0.009953209849239015236
0.009999999999999720918
0.009999999996622833606
0.009999106539428037621
0.009999999999882300955
0.009999017552776620285
0.009999999999996749336
 0.01000000000000000021
 0.01000000000000000021
 0.01000000000000000021
0.009998979378096651063
 0.01000000000000000021
0.009999999999451381766
 0.01000000000000000021
0.009999972755807912117
 0.01000000000000000021
0.009999999999999998473
0.009999886977447438458
0.009561107058444085621
0.008841722221951436173
0.009994764361484305762
0.009999637841465982419
0.009899080657316955412
0.009138325854310227689
0.009999999999997769354
0.009999989443626766325
 0.01000000000000000021
0.009807720088124900412
0.009999999999999998473
 0.01000000000000000021
0.009999999999848107821
 0.01000000000000000021
 0.01000000000000000368
0.009999999999999649794
0.009999999743643231062
0.009999096078209371991
0.009799461866663403131
0.004930581301853962685
 0.01000000000000000021
0.009999999999996492597
0.009999905493735694595
 0.00999999999941311897
 0.01000000000000000194
0.009997367583851429068
 0.01000000000000000021
0.009845468176488630582
0.009999999999995104819
 0.01000000000000000194
0.008930499501960740064
0.009982885451324381015
0.009999999999432148887
0.009999999976427699847
0.008336576861075349967
 0.00933210946070102583
0.009999999999999991535
0.009969101568060695015
 0.01000000000000000021
0.009979916521751817232
0.009999994235227387812
0.009999644631707632625
0.009999983553047233492
 0.00999991054026360196
0.009997755931562943635
0.009970541759566594817
 0.01000000000000000021
0.009999927717617703576
  0.0099999999999999898
0.009999999999993521016
0.009992553465459051015
 0.01000000000000000021
 0.01000000000000000194
0.008663309317265626211
 0.00999999999478761066
0.009990641510033678244
 0.01000000000000000021
0.009999999999999998473
 0.01000000000000000194
0.007869473704705901365
 0.01000000000000000021
 0.01000000000000000021
0.009999999949909877187
0.009125213391256142142
0.009999999999999998473
0.009999999999999557854
 0.01000000000000000021
0.009999999972162694831
 0.01000000000000000021
0.009998245657303454076
 0.01000000000000000021
0.009999999999999998473
 0.01000000000000000194
0.009999999864798986629
 0.01000000000000000021
0.009805452294894004273
0.009999999999998628042
 0.01000000000000000021
0.009999999999999998473
0.009044017048001199918
 0.00948684047915936482
0.009999994246276670828
0.006990463287088205351
0.009986397394411870507
0.009987164752185985137
0.009999999999999998473
0.009999999999999998473
0.009969226181358066888
 0.01000000000000000021
0.009999999999992664063
 0.01000000000000000021
 0.00999999998755331243
0.009978901955962465528
0.009999964472696182619
0.009999998836868310287
 0.01000000000000000021
0.007575279341148560656
 0.01000000000000000021
0.009999999955846869404
 0.00996841631807131659
0.008453499143649317871
 0.00999999039436906545
 0.01000000000000000021
0.009336337356798408635
0.009999999999993666733
0.009996716043463908796
0.009999999999999993269
0.009996920968168008723
0.009999999999999998473
0.009998853454672556804
0.009999857418705366402
0.009999999999858955047
 0.00999982255340032232
0.008673820646899537898
 0.01000000000000000021
0.009999733893389576092
0.009999964897603564468
 0.01000000000000000021
0.008274687447849439145
0.009951382063264849892
 0.01000000000000000021
0.007957688606913943669
 0.01000000000000000021
0.009998670567074791071
 0.01000000000000000194
0.009999999999999838879
0.009957129597902285301
0.009997872572260148652
0.009984965827980559275
0.009979141606205157652
0.009999999981768313215
0.009061905166342967485
0.009999999999863007361
0.009999759420938256899
0.009999993411160711804
0.009105400710733116063
0.009999999999999530098
0.009992294348260082754
 0.01000000000000000021
0.008900502987892992476
 0.01000000000000000021
 0.01000000000000000021
0.009999999999841559239
0.009824180813830492645
0.009999999999985763333
0.009995259615417063925
0.009996652082714670151
0.009323484524530079032
0.009999999603201019382
 0.00998969024484647368
0.009999999999999998473
 0.01000000000000000021
0.009999998578259226487
 0.01000000000000000021
0.009999802269377860639
0.009136440907503708478
0.009999999999797448691
 0.01000000000000000021
  0.0099566209456382615
 0.01000000000000000021
0.009999999999999998473
 0.01000000000000000021
 0.01000000000000000021
0.009997413073279245652
0.008434960755016245731
0.009996767904714508324
0.008468536093347103083
0.007215750990238279337
0.009795291256173671926
0.009998152788088097986
0.009999903261209306879
0.009999999999999998473
0.009671305909232414885
0.009999999999999998473
 0.01000000000000000021
0.009999966772637381915
 0.01000000000000000021
0.009999999731592058502
0.009960368365197168339
0.009984039440629642256
0.009982892030170614425
0.007530548157610146912
0.009999999999999991535
0.009999998489604188315
0.009848003555596222813
0.009999999998464752585
 0.01000000000000000021
0.009988922153033081772
 0.01000000000000000021
0.009998414727406668492
0.009999999999996062386
0.009998984735645016081
 0.01000000000000000021
0.009999987831143378192
0.009644821867777000901
 0.01000000000000000021
 0.01000000000000000021
0.007731724507166359839
0.009999999975776985989
 0.01000000000000000021
0.009833291360785203009
 0.01000000000000000021
0.009999996875355998335
 0.00999999999712740742
 0.00999999621504150428
 0.00990725383448998187
0.007906047684669100309
0.009725899663565037642
 0.01000000000000000021
0.009955080938632747747
 0.00999999999999983194
 0.01000000000000000021
0.009999999999950111296
0.009992084589315934628
 0.01000000000000000021
0.009999999999999998473
 0.01000000000000000021
 0.01000000000000000021
0.009999999999999996739
0.009120570331196512642
0.009289551932108664617
0.009999999922322760568
0.009999892475861318908
 0.01000000000000000021
 0.01000000000000000021
0.009999999999989803504
 0.00999993578601513812
 0.01000000000000000021
0.006041014623262538734
0.009999998958550125952
0.009774028186546296348
 0.00999586621072505975
 0.01000000000000000194
0.009999999999999528363
0.009944267463569909579
0.008397067586393473088
0.009999999985221115495
 0.01000000000000000021
 0.01000000000000000194
0.009999539235069064905
0.009977132252926831923
 0.01000000000000000021
 0.01000000000000000021
 0.01000000000000000021
0.009997213271837007351
0.009999998763439840385
0.009992786332858147325
 0.01000000000000000021
 0.00955386728123869787
0.009341226757458352334
 0.01000000000000000194
0.009999999997401346277
 0.00982907215186201548
0.009893652886226815199
0.009999999999960387798
 0.01000000000000000021
0.009999999958479830961
0.009694711581417384677
0.009442123804524422959
 0.01000000000000000021
 0.01000000000000000021
0.009999976262407410735
0.009999999999792369421
0.009999999999686768129
 0.00990661198332478711
 0.01000000000000000021
0.009999999999999995004
0.009728889319651812945
 0.01000000000000000021
0.009999999999999998473
0.009999883921605281015
 0.00710506229577089355
 0.01000000000000000021
0.006299587644529171943
0.009581471773503495021
 0.01000000000000000021
0.009176646332723862459
 0.01000000000000000021
 0.01000000000000000021
0.009624045095350461376
0.005943125100988582571
0.009987023269646826823
0.009999999999999998473
0.009999999999999998473
 0.01000000000000000021
 0.01000000000000000021
0.009999999998930661146
 0.00999868534384054479
0.009999999475687821465
0.009999999691532670404
 0.01000000000000000021
0.009750775254312862156
0.009997543095023259455
0.009999993561603342379
0.009806352176832164314
 0.01000000000000000021
0.009999972553137850828
0.009999998159981048768
0.009999857849858491757
0.009999999999990141775
 0.01000000000000000021
0.009999998641657920767
0.009435033860150567747
0.008371916384976089281
0.009999999999999998473
0.007421284955222917472
 0.01000000000000000021
 0.01000000000000000021
0.009999999999999998473
0.009672776026866176935
 0.00999851834015377805
 0.01000000000000000021
0.009999999983705281162
0.009999954129653812127
0.009999999723818622094
0.009999852877369350829
0.009999974357088258284
0.009447257735681514543
0.009999999999999979391
 0.01000000000000000021
0.009597225419637710891
0.009999999237011577766
0.009999999999315925883
 0.01000000000000000021
0.009999999999974328035
 0.00901618829287362776
0.009354069937734471249
 0.01000000000000000021
0.008909801899640986886
 0.01000000000000000021
0.009876364971602089038
0.009998983796137979677
0.009999999999999793776
 0.00980115617425802825
0.009616080250037876628
0.009907923955798449839
0.009994962663986316914
0.009999999094608488445
0.005227871710718719374
0.009999999989681481599
0.009999999994678187773
0.009999999932350565543
 0.01000000000000000021
0.009999998916165882268
0.009999999999999946432
 0.01000000000000000194
0.008497999986757615726
0.008782223503620229313
0.009999999999764129857
0.009999999999988941346
0.009999999958852751406
0.009999999998242680224
0.006834444297481068707
0.009998752514953581153
0.009999597608383670524
 0.01000000000000000021
0.009866504838429809854
0.007834738857576226123
 0.00686973636407574393
 0.01000000000000000021
0.009307664330260090324
0.009989492436479847914
 0.01000000000000000021
0.009248120456302822215
0.009999999999122283906
0.009999999999999365299
0.009999999999999776429
0.009997092568466930604
0.009996324246140688569
0.009999914215808298687
0.009999596011246324537
0.009991506945151383198
  0.0093275078214143433
0.009999998848332155785
 0.01000000000000000021
0.009993897367468565843
0.009999999994001952663
0.009955597508732238685
 0.01000000000000000194
0.009999999999999998473
0.009453239616092290465
 0.01000000000000000021
0.009999999999996397188
0.009999520871109010903
0.009521006756330533186
 0.01000000000000000194
0.009938492150732796196
0.009999999815873933384
 0.01000000000000000021
 0.01000000000000000021
 0.01000000000000000194
0.009999999999999998473
 0.01000000000000000021
0.009999038410959120923
 0.00999999999999819783
0.009999999999999998473
 0.01000000000000000021
0.009999983225807345527
 0.01000000000000000021
0.008156133897357342386
0.009846873172144963993
 0.01000000000000000021
0.005950556651577250562
 0.01000000000000000021
0.009999999999999998473
 0.01000000000000000021
 0.01000000000000000021
0.009998413800536627705
0.009999984680136547732
0.009758878049418415884
0.009999999999998661002
 0.01000000000000000021
0.009778461539744447498
0.009997738078285996546
0.009999999947087473418
 0.01000000000000000021
 0.01000000000000000021
0.009992797665828214923
 0.01000000000000000021
 0.01000000000000000021
0.009719977800757621106
 0.01000000000000000021
0.009658327810963830348
0.009999883256964188852
0.009999999999999998473
0.009948811985953426654
0.009819615675452057421
0.007463815345912994809
0.009794592798732827676
0.008498580022237267953
0.009915473112262837216
0.009999999999999646325
0.009548070408258672176
0.009999999999999998473
0.009999999731774884479
 0.01000000000000000021
 0.01000000000000000194
 0.01000000000000000194
 0.01000000000000000021
 0.01000000000000000194
0.009999999999996324329
0.009999999999999998473
