0.009982066805644918342
 0.01000000000000000021
0.009999999998662594328
 0.01000000000000000021
 0.01000000000000000021
0.009999706226460815944
 0.01000000000000000021
0.009962330123491213926
 0.00999619406531468413
  0.0099697488726185092
 0.01000000000000000021
 0.01000000000000000021
 0.01000000000000000021
 0.01000000000000000021
0.009999839002503266641
 0.01000000000000000021
 0.01000000000000000021
0.009999996419769384762
0.009999856834221883956
 0.01000000000000000021
 0.01000000000000000021
 0.01000000000000000021
0.009999935156011576648
 0.01000000000000000021
 0.01000000000000000021
 0.01000000000000000021
0.009982351819473531118
0.009855969046710464504
 0.01000000000000000194
 0.01000000000000000021
0.009991155125915616303
0.009986617033305087571
0.009999998829902779704
0.009999999999999998473
 0.01000000000000000194
 0.01000000000000000194
0.009952133438043591143
0.009891330203286483394
0.009999999999999993269
 0.01000000000000000021
0.009998546806720782706
0.009979049804693865613
0.009994344146806615967
0.009999999999999953371
0.009999999999428374128
0.009999854698270988634
0.009999999999979657106
0.009999825743012983117
0.009999999999999445097
 0.01000000000000000021
 0.01000000000000000021
 0.01000000000000000021
0.009998675814603041542
 0.01000000000000000021
0.009999999999904219186
 0.01000000000000000021
0.009999994796368224734
0.009999999999999998473
 0.01000000000000000021
0.009999977735641936427
0.008927339307904237978
0.009845931134067691451
0.009999090308331536059
 0.00999992332223596965
0.009990971931584593721
0.007638046047326746586
0.009999999999999608161
 0.00999999805348114959
 0.01000000000000000021
0.009968346453881383323
0.009999999999999998473
 0.01000000000000000021
0.009999999999973563022
 0.01000000000000000021
 0.01000000000000000194
0.009999999999999941228
0.009999999957994727684
0.009999844943023901075
0.009985814707719415165
0.009113741145515219522
 0.01000000000000000021
0.009999999999999380912
0.009999983508908931104
0.009999999999898969913
 0.01000000000000000194
0.009999565945578528861
 0.01000000000000000021
0.009972954450140708582
0.009999999999999165806
 0.01000000000000000194
0.009954866611583316691
0.009993367766409733816
0.009999999999903256415
0.009999999995793590682
0.009515558224267648205
0.009735297873762288612
 0.01000000000000000021
0.009995532969930749981
 0.01000000000000000021
0.009996850441109478638
0.009999999034553484073
0.009999947372621595387
  0.0099999969869286158
0.009999970685939784526
0.009999466030575644704
0.009988316649062661812
 0.01000000000000000021
0.009999986459924271182
0.009999999999999998473
0.009999999999998869168
0.009999208733832911852
 0.01000000000000000021
 0.01000000000000000194
0.009916676356055172462
0.009999999999080140534
0.009998269174874343038
 0.01000000000000000021
0.009999999999999998473
 0.01000000000000000194
0.009924657378924204437
 0.01000000000000000021
 0.01000000000000000021
0.009999999991337389649
0.009589174267332502277
0.009999999999999998473
 0.00999999999999992388
 0.01000000000000000021
0.009999999995216793391
 0.01000000000000000021
0.009999593897860384328
0.009999999999999998473
 0.01000000000000000021
 0.01000000000000000021
0.009999999973374966433
 0.01000000000000000021
0.009983266401075554033
0.009999999999999764286
 0.01000000000000000021
 0.01000000000000000021
0.009879365794673668211
0.009762594228069770841
0.009999998928601809556
0.009901748598021528278
0.009997643645849084784
0.009986879834690922872
0.009999999999999998473
0.009999999999999998473
0.009994716923315719731
0.009999999999999998473
0.009999999999998744268
 0.01000000000000000021
0.009999999997892597414
0.009988146390401315272
0.009999993851606209586
0.009999999799375047793
 0.01000000000000000021
0.008927556238781325995
 0.01000000000000000021
0.009999999992546549157
0.009982901647461581499
 0.00963814766070310476
 0.00999999842868568023
0.009999999999999998473
0.009775214282746944733
 0.00999999999999892121
0.009999166652886871606
 0.01000000000000000021
 0.00999566683026999539
 0.01000000000000000021
0.009999769620050683039
0.009999971493824050955
0.009999999999975299481
0.009999886663079653182
0.009983645357767738371
 0.01000000000000000021
0.009999956941437529445
0.009999993859922484338
 0.01000000000000000021
0.009834675087973303309
 0.00999201194576749066
 0.01000000000000000021
0.009947668006300397492
 0.01000000000000000021
0.009999765223224293953
 0.01000000000000000194
0.009999999999999972453
0.009995056712842780022
0.009999243305936085166
0.009997271517447293629
0.009992971530634386923
0.009999999996846350991
0.009352952431816460507
0.009999999999976312559
0.009999966184064432856
 0.00999999887152383006
0.009948879519187254702
0.009999999999999918676
0.009998250069546387939
0.009999999999999998473
0.009709719489518865015
 0.01000000000000000021
 0.01000000000000000021
0.009999999999973510981
0.009978226365754150687
0.009999999999997566391
0.009998089235694502044
0.009999492380539895184
0.009835040395589444637
0.009999999934245993802
 0.00999524455782411364
0.009999999999999998473
 0.01000000000000000021
0.009999999731588996715
 0.01000000000000000021
 0.00999995164140858421
0.009733254562039090826
0.009999999999964846037
0.009999999999999998473
0.009994805768260922596
 0.01000000000000000021
0.009999999999999996739
 0.01000000000000000021
 0.01000000000000000021
0.009999563361945537285
0.009747269668021736264
0.009998576090397020069
0.008739837165384222242
0.009925275070577872435
0.008705624216588773306
0.009999741500576982134
0.009999982322195529946
0.009999999999999998473
0.009593671097680589108
0.009999999999999998473
 0.01000000000000000021
0.009999992650018676987
 0.01000000000000000021
0.009999999950996391745
0.009992706272236475187
0.009994996276488046782
0.009994251272909600303
0.009797781353572556848
0.009999999999999998473
0.009999999742194370933
0.009371959698415897183
0.009999999999735753251
0.009999999999999998473
0.009997757734729363632
 0.01000000000000000194
0.009999706612707754891
0.009999999999999323666
 0.00999930312213215787
0.009999999999999998473
0.009999997980735345418
0.009782010416335350581
 0.01000000000000000021
 0.01000000000000000021
0.009963821633291335481
0.009999999995597587746
 0.01000000000000000194
0.009887823032963635739
 0.01000000000000000021
0.009999999396580911207
0.009999999999503189282
0.009999999313615387866
 0.00998633582139528235
0.004072148488952051851
0.009809415816493995827
 0.01000000000000000021
0.009987521628330747747
0.009999999999999970718
 0.01000000000000000021
0.009999999999991184343
0.009998892158212376036
 0.01000000000000000021
0.009999999999999998473
 0.01000000000000000021
 0.01000000000000000021
0.009999999999999998473
0.008819691372566058896
0.009920102480784483492
0.009999999987021323047
0.009999981357880749142
 0.01000000000000000021
 0.01000000000000000021
0.009999999999998204769
0.009999989121452172031
 0.01000000000000000021
0.009654104877648381211
0.009999999768914918583
0.009217895124367173065
0.009999428185227548019
 0.01000000000000000194
0.009999999999999920411
0.009964840689109605298
0.009736297175662125131
0.009999999997038360594
0.009999999999999998473
 0.01000000000000000021
 0.00999991801101027776
   0.009994277815002112
 0.01000000000000000021
 0.01000000000000000021
 0.01000000000000000021
0.009998668143938637537
0.009999999776566443829
0.009998847343810046348
 0.01000000000000000021
0.008316520410062947996
0.009884312758491602124
 0.01000000000000000194
 0.00999999999955712357
0.007433827901891255745
0.009992733286826179298
0.009999999999993271216
 0.01000000000000000021
0.009999999992192656895
0.009973157131510711898
0.009914679448487796407
 0.01000000000000000021
 0.01000000000000000021
 0.00999999595568052714
 0.00999999999996344438
0.009999999999946409396
0.009971241049424525715
 0.01000000000000000021
0.009999999999999998473
0.009788976364826314572
 0.01000000000000000021
0.009999999999999998473
0.009999981975076246976
0.003021018486004472658
 0.01000000000000000194
 0.00961077134780575007
0.009748852199868674254
 0.01000000000000000021
0.008190157366529506391
 0.01000000000000000021
 0.01000000000000000021
0.009975764269664160605
0.009575610203797799841
0.009998808322794497383
 0.01000000000000000021
 0.01000000000000000021
 0.01000000000000000021
 0.01000000000000000021
0.009999999999812866913
0.009999707374901918577
0.009999999913940319993
0.009999999940884848199
 0.01000000000000000021
0.009935271616227613067
0.009999629027808612514
0.009999998890906138319
0.009975514783474357869
 0.01000000000000000021
0.009999995330435195937
0.009999999663832968497
0.009999959000677571819
0.009999999999998322731
 0.01000000000000000021
0.009999999748064938854
 0.00996701353894798199
0.009840896560106093469
 0.01000000000000000021
0.004013488479124864734
 0.01000000000000000021
 0.01000000000000000021
 0.01000000000000000021
 0.00998202864479570337
0.009999661235546427815
 0.01000000000000000021
0.009999999997201252863
0.009999993190464675705
0.009999999954135642757
0.009999961788632086637
0.009999995701129546152
0.009716162696372867766
0.009999999999999995004
0.009999999999999998473
0.009937874864039616951
0.009999999863579224491
 0.00999999999988258545
 0.01000000000000000021
0.009999999999995592276
0.009937365202193404468
0.009749577860757724368
 0.01000000000000000021
0.009801250900396043381
 0.01000000000000000021
0.009991079477465041395
0.009999765222163725653
0.009999999999999965514
0.009783710830204014192
0.009970716571393456115
0.009971086368173355183
0.009999418750916944446
0.009999999843728612017
0.008271791446076539114
  0.0099999999982854932
0.009999999999084923166
0.009999999988086059888
 0.01000000000000000021
 0.00999999981604010775
  0.0099999999999999898
 0.01000000000000000194
0.009166777937210601745
0.009955342801332032684
0.009999999999959529109
0.009999999999998050379
0.009999999992694850667
0.009999999999691176061
0.009738209568017451925
 0.00999975684162539985
0.009999914391271180758
 0.01000000000000000021
0.009965148511756165284
0.009904661975977406899
0.005373789319535662162
 0.01000000000000000021
0.009131693580131827748
0.009998243300743848636
 0.01000000000000000021
 0.00970516036847155622
0.009999999999850853888
0.009999999999999889186
0.009999999999999962044
0.009999186465316643041
 0.00999764148486107819
0.009999983171551863476
0.009999909701860038372
0.009996886408114458861
0.009703994286069354477
0.009999999811484278078
 0.01000000000000000021
 0.00999811592669529875
0.009999999998948769925
0.009996100743083257203
 0.01000000000000000194
0.009999999999999998473
0.009775158099090863056
 0.01000000000000000021
0.009999999999999368769
0.009999927509237513737
0.009476593203173061877
 0.01000000000000000021
0.009975955865160262767
0.009999999969450357531
 0.01000000000000000021
 0.01000000000000000021
 0.01000000000000000194
 0.01000000000000000021
 0.01000000000000000194
0.009999831104480653987
0.009999999999999684488
0.009999999999999998473
 0.01000000000000000021
0.009999997215498233893
 0.01000000000000000021
0.009940358496170462188
0.009990656015245810359
 0.01000000000000000021
  0.0029596911828256218
 0.01000000000000000021
0.009999999999999998473
 0.01000000000000000021
 0.01000000000000000021
0.009999662306867359088
0.009999997096898385202
0.009972990212797842868
 0.00999999999999976602
 0.01000000000000000021
0.009967914200852483544
0.009999603410271618031
0.009999999990847335471
 0.01000000000000000021
 0.01000000000000000021
0.009997845893957793204
 0.01000000000000000021
 0.01000000000000000021
0.009990706538072021206
 0.01000000000000000021
0.009985314443845047863
0.009999976641547725364
 0.01000000000000000021
 0.00999655583957053534
0.009873017052015275324
0.009888409023928904779
 0.00954512277588757084
0.009970497007505836271
0.009983248490890729229
0.009999999999999939493
0.009786415112389104665
0.009999999999999998473
0.009999999952093776082
 0.01000000000000000021
 0.01000000000000000021
 0.01000000000000000021
 0.01000000000000000021
 0.01000000000000000194
0.009999999999999330605
 0.01000000000000000021
