0.009963404658648315065
 0.01000000000000000021
0.009999999992683052813
 0.01000000000000000021
 0.01000000000000000021
0.009998133368719241965
 0.01000000000000000021
0.008939784189953316196
0.009992321815481628594
0.009886809996499717687
 0.01000000000000000021
 0.01000000000000000021
 0.01000000000000000021
 0.01000000000000000021
0.009999062363762514435
 0.01000000000000000021
0.009999999999999998473
 0.00999998010366510981
0.009999297126948062178
0.009999999999999998473
 0.01000000000000000021
 0.01000000000000000021
0.009999659000345245685
 0.01000000000000000021
 0.01000000000000000021
 0.01000000000000000021
0.009760667046735987257
 0.00654007239774390646
 0.01000000000000000021
 0.01000000000000000021
0.009942402911175081057
 0.00990553930700867509
0.009999993628848674945
0.009999999999999998473
 0.01000000000000000021
 0.01000000000000000021
0.008747964492096870631
0.009194666962835390187
 0.00999999999999995684
 0.01000000000000000021
0.009990389089684583238
0.009643881261488899959
0.009950500969621647873
    0.00999999999999974
0.009999999996872625113
0.009999187975940754952
0.009999999999888781882
0.009999050603664044745
0.009999999999996960973
 0.01000000000000000021
 0.01000000000000000021
 0.01000000000000000021
0.009996925044946747968
 0.01000000000000000021
 0.00999999999947804967
 0.01000000000000000021
0.009999971437175687872
0.009999999999999998473
 0.01000000000000000021
0.009999876096046633744
0.009127427927139554822
0.006894791416496594098
0.009994551862429586903
0.009999605432201408295
0.009918742172123878875
0.009437909599350298093
0.009999999999997866498
0.009999989446370996515
 0.01000000000000000021
0.008695730581960929573
0.009999999999999998473
 0.01000000000000000021
0.009999999999855921015
0.009999999999999998473
 0.01000000000000000368
0.009999999999999670611
0.009999999768630451688
0.009999143256334967408
0.009800226586036752535
0.008134822541351937122
 0.01000000000000000021
 0.00999999999999662964
0.009999911863000492465
0.009999999999447978238
 0.01000000000000000194
0.009997630974976457613
 0.01000000000000000021
0.009903683427231991035
0.009999999999995437885
 0.01000000000000000194
0.008880058187754504354
0.009975780793123362189
 0.00999999999947096159
0.009999999977165026713
0.009535460277956812891
0.007315609992725648908
0.009999999999999993269
0.009976503857791477886
 0.01000000000000000021
0.009984813573019559255
0.009999994686756762466
0.009999715067262609711
0.009999983389186227131
0.009999865679327479828
0.009997317949489844743
0.009896616155511170354
 0.01000000000000000194
0.009999934805139876898
0.009999999999999991535
 0.00999999999999383847
0.009995929667312771633
 0.01000000000000000021
 0.01000000000000000194
 0.00880879707357828251
0.009999999994988732765
0.009987933554684379212
 0.01000000000000000021
0.009999999999999998473
 0.01000000000000000194
0.009534525197392278162
 0.01000000000000000021
0.009999999999999998473
 0.00999999995261390863
0.005076577967508794954
0.009999999999999998473
 0.00999999999999958214
 0.01000000000000000021
0.009999999974178915355
 0.01000000000000000021
 0.00999802775029396372
 0.01000000000000000021
 0.01000000000000000021
 0.01000000000000000194
 0.00999999985877866697
 0.01000000000000000021
0.009907866196817221791
0.009999999999998707839
 0.01000000000000000194
 0.01000000000000000021
0.007598111990741420602
0.008582881266581181279
0.009999994264656397389
0.009108789058635619745
0.009987145387094630011
0.009980031842357938929
0.009999999999999998473
 0.01000000000000000021
0.009974295745862241103
0.009999999999999998473
0.009999999999993134173
 0.01000000000000000021
0.009999999988470608184
0.009983542262462246145
0.009999965708208210374
0.009999998907774631032
 0.01000000000000000021
0.009016731058561093526
 0.01000000000000000021
0.009999999959538204836
0.009959008655168520227
  0.0080932513520592924
0.009999991315885602139
 0.01000000000000000021
 0.00837919323736218552
0.009999999999994102148
0.009995866991031167673
0.009999999999999995004
0.009992607258897563682
0.009999999999999998473
0.009998775226194698065
0.009999848377529443888
0.009999999999865602507
0.009999597574787849955
0.009712821486611731767
 0.01000000000000000021
0.009999763026214839381
0.009999967115198946099
 0.01000000000000000021
0.008481707058344004763
0.009934339675850252863
 0.01000000000000000021
0.009657850762227767824
 0.01000000000000000021
0.009998427896657752223
 0.01000000000000000194
0.009999999999999849287
0.009959463619143436169
 0.00999801185020295427
0.009975538478225761882
 0.00991110026434670853
0.009999999982832605966
0.009182974214913125488
0.009999999999870464937
0.009999813947847682044
0.009999993866623023767
0.008203120117595967195
0.009999999999999554384
0.009991655794129496865
0.009999999999999998473
0.006576414454966631254
 0.01000000000000000021
 0.01000000000000000021
0.009999999999854847221
 0.00987505325271213763
0.009999999999986693144
0.009990932124574691819
0.009997196314793574748
0.009157317524789302179
0.009999999639757181993
 0.00998944723434603242
 0.01000000000000000021
 0.01000000000000000021
0.009999998557874364286
 0.01000000000000000021
0.009999764732364574762
0.009019032346491257304
0.009999999999808229997
 0.01000000000000000021
0.009970356589248526372
 0.01000000000000000021
0.009999999999999996739
 0.01000000000000000021
 0.01000000000000000021
 0.00999741649377985063
0.008385604382837618873
0.009995455673851579015
0.009678945717657341102
0.005907314268036627063
0.009287959061756815085
0.009998762057261086078
0.009999906092291488066
 0.01000000000000000021
0.004073831732504781637
0.009999999999999998473
 0.01000000000000000021
 0.00999996272108243274
 0.01000000000000000021
0.009999999735306880355
0.009957480605606186183
0.009989365902349188475
0.009989035869867015499
0.008719915174662473678
0.009999999999999991535
0.009999998584190648507
0.009646256002960885631
0.009999999998554595648
 0.01000000000000000021
 0.00998907512795835055
 0.01000000000000000021
0.009998698172587777711
0.009999999999996303512
0.009998313632396078204
 0.01000000000000000021
0.009999988800010602488
0.008435862427697043281
 0.01000000000000000021
 0.01000000000000000021
0.007239917790722040156
0.009999999976235377994
 0.01000000000000000021
0.009671628716286875121
 0.01000000000000000021
 0.00999999676713873159
 0.00999999999728288895
0.009999996298661245619
0.009843472348314738843
0.003980943816941169902
0.008801850247886221917
 0.01000000000000000021
0.009929010813601757413
0.009999999999999838879
 0.01000000000000000021
0.009999999999952066329
0.009993613369767102503
 0.01000000000000000021
0.009999999999999998473
 0.01000000000000000021
 0.01000000000000000021
0.009999999999999996739
 0.00916775561556634061
  0.0097201680185397734
 0.00999999992887980714
0.009999896025563004276
 0.01000000000000000021
 0.01000000000000000021
0.009999999999990240654
 0.00999994121065155353
 0.01000000000000000021
0.007275940772966137116
0.009999998820451246398
0.009705142112882163621
0.009995483977355822461
 0.01000000000000000194
0.009999999999999559588
 0.00995332933350365559
0.005245792615923840566
 0.00999999998435304599
0.009999999999999998473
 0.01000000000000000194
0.009999538610841443922
0.009975957071139360602
0.009999999999999998473
 0.01000000000000000021
 0.01000000000000000021
0.009996069560790707062
0.009999998792518279694
 0.00999447543784658804
 0.01000000000000000021
 0.00864011963786262549
0.009009325758255984362
 0.01000000000000000194
0.009999999997576695596
0.009080481568535206383
0.009958990880292313899
0.009999999999963172029
 0.01000000000000000194
0.009999999958153127019
0.009616535712236131891
0.009424118558914208743
 0.01000000000000000021
 0.01000000000000000194
0.009999977933310887079
0.009999999999801114162
0.009999999999706958576
0.009914529042456002306
 0.01000000000000000021
0.009999999999999996739
0.009751391263729073181
 0.01000000000000000021
0.009999999999999998473
0.009999901018705143613
0.003479496418986607019
 0.01000000000000000021
0.009513644954169604359
0.008972156287431375804
 0.01000000000000000021
0.009107419777797408356
 0.01000000000000000021
 0.01000000000000000021
0.009707310171152670406
 0.00845298605697650772
0.009984609520620274514
0.009999999999999996739
 0.01000000000000000021
 0.01000000000000000021
 0.01000000000000000194
0.009999999998978704313
0.009998503611082664236
0.009999999522185892484
0.009999999684486518547
 0.01000000000000000021
0.009114315653651014829
0.009998403997397847798
0.009999993917454741074
0.009774788872840493859
 0.01000000000000000021
0.009999974768806606934
0.009999998184394367357
0.009999806358630678946
0.009999999999990820052
 0.01000000000000000021
0.009999998649782839907
 0.00965035232264216912
0.007848250442373257141
 0.01000000000000000021
0.004520146737651180649
 0.01000000000000000021
0.009999999999999998473
0.009999999999999998473
0.009720485263636181525
 0.00999778703671735415
 0.01000000000000000021
0.009999999984726068783
0.009999963353267750724
0.009999999748480054712
0.009999815056371772273
0.009999976262116582609
0.008463729610771899767
0.009999999999999981126
 0.01000000000000000021
0.009729703904626704411
0.009999999256406908593
0.009999999999358941821
 0.01000000000000000021
0.009999999999975929185
0.009737328710475253238
0.007404797417407965252
 0.01000000000000000021
0.009079462527996656762
 0.01000000000000000021
0.009942570854882816847
 0.00999897408175387005
0.009999999999999807654
0.009440701629693425134
0.009561516762005556683
0.009842424017561185803
0.009996859014279621189
0.009999999142916552591
0.009003392432265427264
0.009999999990598234384
0.009999999995014319937
0.009999999935408872623
 0.01000000000000000021
0.009999998995159582738
0.009999999999999949901
 0.01000000000000000021
0.008179913198270541072
0.008260679211730334592
0.009999999999779031132
0.009999999999989395844
0.009999999960453668721
0.009999999998319429595
0.006433233951166151057
0.009998725403075591975
0.009999556444222935936
 0.01000000000000000021
0.009889099180097017314
0.008144988625154610945
0.005332630947822243096
 0.01000000000000000021
0.009469652459913279613
0.009982841675175461657
 0.01000000000000000021
0.007972383977094810864
0.009999999999183497093
 0.00999999999999939132
0.009999999999999792041
0.009996000576207388771
0.009994659795795621596
0.009999910176752091137
0.009999538629580532328
0.009990681380742201176
0.009385917224592133651
0.009999998961550647658
 0.01000000000000000021
0.009986054585805785241
0.009999999994263647843
0.009959357008012382703
 0.01000000000000000194
0.009999999999999998473
0.008860893811252082766
 0.01000000000000000021
0.009999999999996551578
0.009999601577642019609
0.009674482239991614996
 0.01000000000000000194
0.009914649311080644956
0.009999999832448999357
 0.01000000000000000021
 0.01000000000000000021
 0.01000000000000000194
0.009999999999999998473
 0.01000000000000000021
0.009999091774644731923
0.009999999999998284567
0.009999999999999998473
 0.01000000000000000021
0.009999984734258064029
 0.01000000000000000021
0.009146933761279348041
0.009773753243736140253
 0.01000000000000000021
0.004088741116160076253
 0.01000000000000000194
 0.01000000000000000021
 0.01000000000000000021
 0.01000000000000000021
0.009998802019599508858
0.009999984413298402403
 0.00977658539977985068
0.009999999999998723452
 0.01000000000000000021
0.009819328978159961446
0.009997952282456959786
0.009999999949933042684
 0.01000000000000000021
 0.01000000000000000021
0.009990024948584081202
 0.01000000000000000194
 0.01000000000000000021
0.009722339951953169052
 0.01000000000000000021
0.009779319547243960076
0.009999875709727809592
0.009999999999999998473
0.009949838773670692527
0.009814240502685648432
0.008142362577097057852
 0.00943676524334357246
0.009391918820529641596
0.009956905219791223685
0.009999999999999667141
0.009447835228200149663
 0.01000000000000000021
0.009999999739969381643
 0.01000000000000000021
 0.01000000000000000021
 0.01000000000000000194
 0.01000000000000000021
 0.01000000000000000021
0.009999999999996385044
0.009999999999999998473
