0.009973670469334628905
 0.01000000000000000021
0.009999999998000356702
 0.01000000000000000021
 0.01000000000000000021
0.009999556380924501733
 0.01000000000000000194
0.009932595173054488066
0.009994618780767492577
0.009953576689639514335
 0.01000000000000000021
 0.01000000000000000021
 0.01000000000000000021
 0.01000000000000000021
0.009999758122104919142
 0.01000000000000000021
 0.01000000000000000021
0.009999994643170763073
0.009999789594476593199
 0.01000000000000000021
 0.01000000000000000021
 0.01000000000000000021
0.009999903502941947728
 0.01000000000000000021
 0.01000000000000000021
 0.01000000000000000021
0.009965476811805344323
0.009679959670971538879
 0.01000000000000000021
 0.01000000000000000194
0.009986523530711669677
0.009978185448099417473
0.009999998250558453719
0.009999999999999998473
 0.01000000000000000021
 0.01000000000000000194
0.009914909965519472929
0.009821301566847609812
0.009999999999999988065
 0.01000000000000000021
0.009997705262659913744
0.009963786710845832367
0.009991327898499666529
0.009999999999999930819
0.009999999999145326238
0.009999782891117230815
0.009999999999969585301
0.009999740054822500723
0.009999999999999169276
 0.01000000000000000021
 0.01000000000000000021
 0.01000000000000000021
0.009998106184609995353
 0.01000000000000000194
0.009999999999856812663
 0.01000000000000000194
0.009999992217211818926
0.009999999999999998473
0.009999999999999998473
0.009999966679720018875
0.008262764470218059501
0.009695760498819191997
0.009998651918241951986
0.009999885661419684671
0.009983184411529717403
0.003345961016765784234
0.009999999999999413872
0.009999997090119176063
 0.01000000000000000194
0.009926223820219267149
 0.01000000000000000021
 0.01000000000000000021
0.009999999999960478003
 0.01000000000000000021
 0.01000000000000000194
0.009999999999999910003
 0.00999999993717931232
0.009999768451420176438
0.009978062068139368496
 0.00742415805356056932
 0.01000000000000000021
0.009999999999999072131
0.009999975359589706458
0.009999999999848949161
 0.01000000000000000194
0.009999350856959814474
 0.01000000000000000021
0.009963503336016350451
0.009999999999998752942
 0.01000000000000000194
0.009926489535457858754
0.009990491346166207459
0.009999999999855355495
0.009999999993712585175
0.008859295395471748769
0.009659390595525906703
0.009999999999999998473
0.009993512946350802811
 0.01000000000000000021
0.009995705473174841885
0.009999998556187460197
0.009999921591624371178
0.009999995493079212247
0.009999956468508977223
0.009999201661394327423
0.009977791113796869241
 0.01000000000000000021
0.009999979857324035534
0.009999999999999998473
0.009999999999998310588
0.009998815570308067571
 0.01000000000000000021
 0.01000000000000000194
0.009800499965643848579
0.009999999998624862357
0.009997291940299994281
 0.01000000000000000021
0.009999999999999998473
 0.01000000000000000194
0.009861753042355607748
 0.01000000000000000021
 0.01000000000000000021
0.009999999987047836561
0.008713188032286734233
0.009999999999999998473
0.009999999999999887451
 0.01000000000000000021
0.009999999992852620298
 0.01000000000000000021
0.009999403727785986448
0.009999999999999998473
 0.01000000000000000021
 0.01000000000000000194
0.009999999960240004565
 0.01000000000000000021
0.009973939881810568384
0.009999999999999648059
 0.01000000000000000021
 0.01000000000000000021
0.009797657397369558679
 0.00956984506613561825
0.009999998399339302471
0.009851425492034250608
  0.0099964821981943109
 0.00998250511908730688
0.009999999999999998473
0.009999999999999998473
0.009993264047280025347
0.009999999999999998473
0.009999999999998121503
 0.01000000000000000021
0.009999999996849088385
0.009983358622060640314
0.009999990799315548046
0.009999999700089166194
 0.01000000000000000021
0.007545976141593903515
 0.01000000000000000021
0.009999999988859963398
0.009977805958907402448
0.009112925228742326314
  0.0099999976499315444
0.009999999999999998473
0.009451268360183732314
0.009999999999998386915
0.009998760482637958011
0.009999999999999998473
0.009994045202643579012
 0.01000000000000000021
0.009999656937412762861
0.009999957427742190916
0.009999999999963076619
0.009999833286239502225
0.009975685943967764827
 0.01000000000000000021
0.009999935590273482597
0.009999990832117817627
 0.01000000000000000021
0.009716861799848238238
 0.00998625679015395333
 0.01000000000000000021
0.009901071146845010981
 0.01000000000000000021
0.009999644878654534788
 0.01000000000000000194
0.009999999999999958575
 0.00999253988228438958
0.009998911510593374088
0.009995477048178443014
0.009988373626712185663
0.009999999995285719159
0.008472274464315712739
0.009999999999964582359
0.009999949440398591891
0.009999998313222895063
 0.00987860177743929424
0.009999999999999877043
 0.00999729898542809324
0.009999999999999998473
0.009319713888680730002
 0.01000000000000000021
 0.01000000000000000021
0.009999999999960393002
0.009963923028304488491
0.009999999999996362493
0.009997112034522403004
0.009999240349445057477
 0.00964885840599407317
0.009999999901683761377
0.009993542221605294235
0.009999999999999998473
 0.01000000000000000021
0.009999999598957963823
 0.01000000000000000021
0.009999928093527607476
0.009559684541302848615
0.009999999999947445026
 0.01000000000000000021
0.009992085391218364504
 0.01000000000000000021
0.009999999999999998473
 0.01000000000000000021
 0.01000000000000000021
0.009999347641670574757
0.009513501233372642987
0.009997916642242941909
0.007125165779248284099
0.009894222954594468836
0.007744895255792146917
0.009999614734672652994
0.009999973592091935051
0.009999999999999998473
0.008788235643619817308
0.009999999999999998473
 0.01000000000000000021
0.009999989045227121454
 0.01000000000000000021
0.009999999926767619979
0.009989015643609818612
0.009992733563499767852
0.009991864330086220117
0.009652898523174986006
0.009999999999999998473
0.009999999614475733184
0.009165020656641088143
0.009999999999604908263
0.009999999999999998473
0.009996627397078339944
 0.01000000000000000194
0.009999574199771198504
0.009999999999998988864
0.009998995847922093755
0.009999999999999998473
0.009999996979350956813
0.009707796396828520871
 0.01000000000000000021
 0.01000000000000000021
0.009951154355750826616
0.009999999993421219285
 0.01000000000000000194
0.009776900585011540773
 0.01000000000000000021
0.009999999098489661606
0.009999999999257184677
0.009999998974428957188
0.009973358202172620535
0.004111752312482726095
0.009685652105996041261
 0.01000000000000000021
0.009974999953504357086
 0.00999999999999995684
 0.01000000000000000021
0.009999999999986823249
0.009998343180131758282
 0.01000000000000000021
0.009999999999999998473
 0.01000000000000000021
 0.01000000000000000021
0.009999999999999998473
0.006732337782132198981
0.009873789900199086284
0.009999999980593721541
0.009999972108882253241
 0.01000000000000000021
 0.01000000000000000021
0.009999999999997318326
0.009999983774898272768
 0.01000000000000000021
0.009024607712560556161
0.009999999655446671631
0.008872516291951062714
0.009999110298982696529
 0.01000000000000000194
0.009999999999999882247
0.009954923522080603646
0.009458069057009611813
0.009999999995577969758
0.009999999999999998473
 0.01000000000000000021
0.009999877248547051761
0.009991720587869868178
 0.01000000000000000021
 0.01000000000000000021
 0.01000000000000000021
0.009998063356183719413
0.009999999666094883111
0.009998245522146851152
 0.01000000000000000021
0.006488123395085717768
0.009737681870449087576
 0.01000000000000000194
0.009999999999337825032
0.003789600567107469665
0.009988613724754593498
0.009999999999989938812
 0.01000000000000000194
0.009999999988336288545
0.009950522333916430803
0.009873685164222146399
0.009999999999999998473
 0.01000000000000000021
0.009999993953691733647
0.009999999999945354684
0.009999999999919878535
0.009960519292912565006
 0.01000000000000000021
 0.01000000000000000021
0.009716183290820865417
 0.01000000000000000021
0.009999999999999998473
0.009999973040316623846
0.003144074351409364022
 0.01000000000000000194
0.009335633945995435931
0.009345613678088716264
 0.01000000000000000021
0.006117511303605821862
 0.01000000000000000021
0.009999999999999998473
0.009954522556851941664
0.009378082567900597466
 0.00999800821188513017
 0.01000000000000000021
 0.01000000000000000021
 0.01000000000000000021
 0.01000000000000000021
0.009999999999720227475
0.009999563923750310127
0.009999999871260050952
0.009999999911700131056
 0.01000000000000000021
0.009864430738435236989
0.009999449901559927939
0.009999998341534822519
0.009961099993753592605
 0.01000000000000000021
0.009999993023351912841
0.009999999497624877803
0.009999939060774860194
0.009999999999997490063
 0.01000000000000000021
0.009999999623595556136
0.009934780935968803156
  0.0096761648203245159
0.009999999999999998473
  0.0041233368638126126
 0.01000000000000000021
 0.01000000000000000021
 0.01000000000000000021
0.009964225600647795555
0.009999486397545618091
 0.01000000000000000021
0.009999999995815876674
0.009999989827294067379
0.009999999931419907215
0.009999943177385471615
0.009999993570470100401
0.009323176840828645284
0.009999999999999993269
 0.01000000000000000021
0.009913630661964926982
0.009999999796051688844
 0.00999999999982446007
 0.01000000000000000021
0.009999999999993409994
0.009897269731495912659
0.009381400464706389497
 0.01000000000000000021
0.009702086909147875429
 0.01000000000000000021
0.009987390688543523048
0.009999655032770523796
0.009999999999999948166
0.009668091998339383569
0.009939525170314255156
0.009955670638134067954
0.009999131094344464177
0.009999999766315537802
0.005198783870905226631
0.009999999997436339119
0.009999999998632040643
0.009999999982192682088
 0.01000000000000000021
 0.00999999972496587973
 0.00999999999999998633
 0.01000000000000000194
0.008447967959471166383
0.009932329527497642946
0.009999999999939493053
0.009999999999997084138
0.009999999989081848409
0.009999999999538352127
0.009522330920127452386
0.009999636444310613589
 0.00999987203831296384
 0.01000000000000000021
0.009938408109289698089
0.009819761613703532205
0.005355964238705697954
 0.01000000000000000021
0.008460669743828025738
0.009997123912564463352
 0.01000000000000000021
0.009254894157083828204
0.009999999999776998036
0.009999999999999833675
0.009999999999999942962
0.009998791253708104801
0.009996645882409964726
0.009999974863773283817
0.009999865546073662126
0.009995575115898505669
 0.00920829966694555746
0.009999999718068492555
 0.01000000000000000021
0.009996965673401886354
0.009999999998428373699
0.009993126690875035745
 0.01000000000000000194
0.009999999999999998473
0.009441740435834329245
 0.01000000000000000021
0.009999999999999053049
0.009999891563634639297
0.009181187769008902072
 0.01000000000000000194
0.009965961535647271941
0.009999999954319542528
 0.01000000000000000021
 0.01000000000000000021
 0.01000000000000000194
 0.01000000000000000021
 0.01000000000000000194
0.009999747596635379793
0.009999999999999528363
0.009999999999999998473
 0.01000000000000000021
 0.00999999583639477746
 0.01000000000000000021
0.009919820560568670675
0.009981437614735263683
 0.01000000000000000021
0.003083286362740964189
 0.01000000000000000021
0.009999999999999998473
 0.01000000000000000021
 0.01000000000000000021
0.009999509840261327706
0.009999995662536030616
0.009962033945055829079
0.009999999999999651529
 0.01000000000000000021
0.009950784681977114382
 0.00999940882090124411
0.009999999986315110181
 0.01000000000000000021
 0.01000000000000000021
 0.00999681843266533865
 0.01000000000000000021
 0.01000000000000000021
0.009981711088426652168
 0.01000000000000000021
0.009980383274468590873
0.009999965114329484664
 0.01000000000000000021
0.009994030514790129896
 0.00975530091877293247
0.009819706874610253239
0.009355061788615937762
0.009946820965691948596
 0.00997405018496225898
0.009999999999999908268
0.009684375005486666951
 0.01000000000000000021
0.009999999928393859053
 0.01000000000000000021
 0.01000000000000000021
 0.01000000000000000021
 0.01000000000000000021
 0.01000000000000000194
0.009999999999998999273
 0.01000000000000000021
