0.009964001956260090317
 0.01000000000000000021
0.009999999994761660932
 0.01000000000000000021
 0.01000000000000000021
0.009999139909410762611
 0.01000000000000000021
0.009685902200157338326
0.009996848395860742642
0.009685444183473572791
 0.01000000000000000021
 0.01000000000000000021
 0.01000000000000000021
 0.01000000000000000021
0.009999511089255723462
 0.01000000000000000021
 0.01000000000000000021
0.009999986493058960618
0.009999402500536260993
 0.01000000000000000021
0.009999999999999998473
 0.01000000000000000021
0.009999778716422070071
 0.01000000000000000021
 0.01000000000000000021
 0.01000000000000000021
  0.0099408381612518526
0.007567116133377582883
 0.01000000000000000021
 0.01000000000000000021
0.009953869592094009844
0.009950593141753786425
0.009999995705377269853
0.009999999999999998473
 0.01000000000000000021
 0.01000000000000000194
0.009763670725815676993
0.008378863748361747854
0.009999999999999970718
 0.01000000000000000021
 0.00999441462809993672
0.009529566185044878457
0.009959029438996350875
0.009999999999999816327
0.009999999997760966597
 0.00999940566244789629
0.009999999999922369598
0.009999386718875827654
0.009999999999997852621
 0.01000000000000000021
 0.01000000000000000021
 0.01000000000000000021
0.009999258130467481021
 0.01000000000000000021
0.009999999999638065767
 0.01000000000000000021
0.009999982385295928117
0.009999999999999998473
0.009999999999999998473
0.009999927944306383557
0.007873241212010882381
0.008720965836596785564
0.009996556893431002982
0.009999757248551260913
0.009955538444581139151
0.009152008438419775849
0.009999999999998530897
0.009999993065963578773
 0.01000000000000000021
0.009761000966838628834
 0.01000000000000000021
 0.01000000000000000021
0.009999999999899733191
 0.01000000000000000021
 0.01000000000000000021
0.009999999999999767755
0.009999999829796253278
0.009999421427087686054
0.009809043422016583066
 0.00979372332836250109
 0.01000000000000000021
0.009999999999997687822
0.009999936485930340305
0.009999999999612485535
 0.01000000000000000021
 0.00999818809484052072
 0.01000000000000000021
0.009896668534086760019
0.009999999999996761479
 0.01000000000000000194
0.009130043272516331562
0.009989167169620312772
0.009999999999624241756
0.009999999984484165064
0.009844146104977928927
0.005222143740564455516
0.009999999999999995004
0.009974494205601910912
 0.01000000000000000021
0.009980480034432805472
 0.00999999618711315888
0.009999757539690316485
0.009999989315052491834
0.009999941890515968296
0.009998452019620920894
0.009977843512919254074
 0.01000000000000000021
0.009999949415112835763
0.009999999999999993269
0.009999999999995724115
0.009994753982960746103
 0.01000000000000000021
 0.01000000000000000194
0.009758928120469197165
0.009999999996568588803
0.009994777875620640059
 0.01000000000000000021
0.009999999999999998473
 0.01000000000000000194
0.007696113069000701072
 0.01000000000000000194
0.009999999999999998473
0.009999999966981832147
0.009353083953338470549
0.009999999999999998473
0.009999999999999708775
 0.01000000000000000021
0.009999999981445730976
 0.01000000000000000021
0.009998618704197697465
0.009999999999999998473
 0.01000000000000000021
 0.01000000000000000194
0.009999999911513738488
 0.01000000000000000021
0.009852996305561755735
0.009999999999999094683
 0.01000000000000000021
 0.01000000000000000021
0.009476158152197688631
0.009505428232843164682
0.009999996199793189516
0.008112709502615139678
0.009992408097421162649
  0.0099890148992073588
0.009999999999999998473
0.009999999999999998473
0.009963867738596240975
0.009999999999999998473
0.009999999999995148187
 0.01000000000000000021
0.009999999991748709932
0.009976145590109833025
0.009999976870669904927
0.009999999227855877262
 0.01000000000000000021
0.009808218712938918463
 0.01000000000000000021
 0.00999999997056626698
0.009952034919751374248
0.005832566097000589818
0.009999993630908947037
 0.01000000000000000021
0.007913459778032054873
0.009999999999995807382
0.009997887424032791959
0.009999999999999996739
0.009996620584123705466
0.009999999999999998473
0.009999211897763886706
0.009999907181880684712
0.009999999999906897599
0.009999877871291218759
0.008431672973169546115
 0.01000000000000000021
0.009999820535119403192
0.009999976564200921056
 0.01000000000000000021
0.009453758082483179614
0.009977332183625427578
 0.01000000000000000021
0.009188931044828825556
 0.01000000000000000021
0.009998838222072106707
 0.01000000000000000194
0.009999999999999892655
0.009966636614812347805
0.009998079019618910657
0.009992895512896235802
 0.00998115421434189222
0.009999999987933015644
0.007128776228844471013
0.009999999999909667953
0.009999835687284632305
0.009999995607647870627
0.009574526784034862945
0.009999999999999689693
0.009994798369140486458
0.009999999999999998473
0.008627337994858258821
 0.01000000000000000021
 0.01000000000000000021
0.009999999999894891578
0.009869571726489329358
0.009999999999990587599
0.009996314412670027558
0.009997709285442503424
0.006902490227654102875
0.009999999736116767235
0.009987552394911967946
0.009999999999999998473
 0.01000000000000000021
0.009999999069015282072
 0.01000000000000000021
0.009999870455089401172
0.009141605283560451725
0.009999999999866320682
 0.01000000000000000021
0.009970239480378563848
 0.01000000000000000021
0.009999999999999998473
 0.01000000000000000021
 0.01000000000000000021
0.009998308885792447226
0.006576237747435867941
0.009997685113003163329
0.009617902587424485145
0.008110048254260062567
0.007305416805722494272
0.009998606352792866261
0.009999935266639741263
0.009999999999999998473
0.009621200167861842373
0.009999999999999998473
 0.01000000000000000021
0.009999978277590037407
 0.01000000000000000021
 0.00999999982367078509
0.009968443187165399941
0.009984236160782365352
0.009984321327527866802
0.009819119404156745681
0.009999999999999995004
0.009999999003659982774
0.008401541597882514548
0.009999999998986833227
0.009999999999999998473
0.009991775180852377827
 0.01000000000000000194
0.009998788121843835142
0.009999999999997398123
0.009999142694070773871
0.009999999999999998473
0.009999991990328428379
0.008713671540945518504
 0.01000000000000000021
 0.01000000000000000021
0.007733902323427386399
0.009999999984063728808
 0.01000000000000000194
0.009917078913759437217
 0.01000000000000000021
 0.00999999796056770876
0.009999999998106122792
0.009999997505122112593
0.009965929087818941462
0.008907208323138954623
0.009677340873976708266
 0.01000000000000000021
0.009980007795301712448
0.009999999999999889186
 0.01000000000000000021
0.009999999999967128933
0.009994810349080835224
 0.01000000000000000021
0.009999999999999998473
 0.01000000000000000021
 0.01000000000000000021
0.009999999999999998473
0.009282917575159560508
0.009402667960832892385
0.009999999948446091497
 0.00999993004340408824
 0.01000000000000000021
 0.01000000000000000021
0.009999999999993278155
0.009999957009431261618
 0.01000000000000000021
0.009345648973056782521
0.009999999318610406154
 0.00888738324670624788
0.009996786635957339434
 0.01000000000000000021
0.009999999999999689693
 0.00995044974199050386
0.009440348096124196592
0.009999999990338188927
0.009999999999999998473
 0.01000000000000000021
0.009999701249150628676
 0.00998514961749667751
 0.01000000000000000021
 0.01000000000000000021
 0.01000000000000000021
0.009997973077036993381
0.009999999185533355039
0.009995301464832521271
 0.01000000000000000021
0.009389430868142100567
0.008817186131921287556
 0.01000000000000000021
0.009999999998281399252
0.006659054411542550227
0.009934982613279718863
0.009999999999973786802
 0.01000000000000000194
0.009999999972751518959
0.009618934271928445898
0.009790255586079812597
 0.01000000000000000021
 0.01000000000000000021
0.009999984226270125856
0.009999999999863133995
0.009999999999792940145
0.009952502172362718072
 0.01000000000000000021
0.009999999999999996739
0.009314993491518597235
 0.01000000000000000021
 0.01000000000000000021
0.009999922022775623032
0.005873748567647054178
 0.01000000000000000194
 0.00958627335836585194
0.009469317746204660227
 0.01000000000000000021
0.009405804708145476534
 0.01000000000000000021
0.009999999999999998473
0.009670964822353644158
0.009296666249937675028
0.009988502667267860555
0.009999999999999998473
 0.01000000000000000021
 0.01000000000000000021
 0.01000000000000000021
0.009999999999295666048
0.009999147960055132511
0.009999999654552192696
0.009999999797796263815
 0.01000000000000000021
0.009906505307609062699
 0.00999800641559045293
0.009999995774085064515
0.009867876515497043741
 0.01000000000000000021
0.009999981621297494155
 0.00999999879129284501
  0.0099999072710335625
0.009999999999993475913
 0.01000000000000000021
0.009999999103006253567
0.009579964547802103866
0.009530898795983193741
 0.01000000000000000021
0.008644208169799008634
 0.01000000000000000021
 0.01000000000000000021
 0.01000000000000000021
0.009848605886495673603
0.009999110425239586888
 0.01000000000000000021
0.009999999989220116278
0.009999968338010980021
0.009999999816616571974
 0.00999990385016137108
0.009999983117271921823
0.009886952983080756624
 0.00999999999999998633
 0.01000000000000000021
0.009666419487145081965
0.009999999499350485307
 0.00999999999954746463
 0.01000000000000000021
 0.00999999999998302247
 0.00951130789959996753
0.008323758533117493405
 0.01000000000000000021
0.009699603854520219559
 0.01000000000000000021
0.009820834710735144857
0.009999287404418516836
  0.0099999999999998649
0.009268592556376530761
0.009758066100916468893
0.009934134500793572256
0.009996533222303947974
0.009999999406550833664
0.009825738243763499496
 0.00999999999314908801
 0.00999999999647519823
0.009999999955252728348
 0.01000000000000000021
 0.00999999928012644014
0.009999999999999965514
 0.01000000000000000194
0.009817717440164701673
0.008619595059656847899
0.009999999999843951423
0.009999999999992709165
0.009999999972799168343
0.009999999998841298601
 0.00899401172650750487
0.009999157435356434767
0.009999729296566875827
 0.01000000000000000021
0.009777836273727219529
 0.00808339788674384413
0.006314169082392545596
 0.01000000000000000021
0.009570848586863120455
0.009994035035302313227
 0.01000000000000000021
 0.00853474514875401935
 0.00999999999941935877
 0.00999999999999958214
0.009999999999999852757
 0.00999816126938034809
0.009997078099215307365
 0.00999994407083693547
0.009999736689829173339
0.009994297853382882665
0.009448689555566160483
0.009999999235245801005
 0.01000000000000000021
0.009995272413159258032
0.009999999996050227408
0.009969555423207097575
 0.01000000000000000021
0.009999999999999998473
0.009590491158940516597
 0.01000000000000000021
0.009999999999997623637
0.009999676793871020014
0.009735008377166617238
 0.01000000000000000194
0.009966143566616479654
0.009999999877726447814
 0.01000000000000000021
 0.01000000000000000021
 0.01000000000000000194
0.009999999999999998473
 0.01000000000000000194
0.009999336286247030581
0.009999999999998810188
0.009999999999999998473
 0.01000000000000000021
0.009999988845213973049
 0.01000000000000000021
0.009404060694348858468
0.009897142974672562543
 0.01000000000000000021
0.008268613731990141422
 0.01000000000000000021
0.009999999999999998473
 0.01000000000000000194
 0.01000000000000000021
0.009998756682894500633
0.009999989971556919044
0.009620243877827514348
0.009999999999999117234
 0.01000000000000000021
0.009859306887034737302
0.009998369765331456202
0.009999999965122541648
 0.01000000000000000021
 0.01000000000000000021
0.009995421507775374692
 0.01000000000000000021
 0.01000000000000000021
0.009814327933461531456
 0.01000000000000000021
0.009280261311466388857
0.009999924039957809943
 0.01000000000000000021
0.009962838068052284196
0.009742147898945088119
0.008570220000567918897
0.009592339042358689546
0.008822273972599803046
 0.00994770582356777934
0.009999999999999767755
0.009671423960283144841
 0.01000000000000000021
 0.00999999982346768887
 0.01000000000000000021
 0.01000000000000000194
 0.01000000000000000021
 0.01000000000000000021
 0.01000000000000000194
0.009999999999997580269
0.009999999999999998473
