0.009950172250875936528
 0.01000000000000000021
0.009999999996070187136
 0.01000000000000000021
 0.01000000000000000021
0.009999090235544011787
 0.01000000000000000021
0.009757210128314416919
0.009991301897005804011
0.009883602007238810258
 0.01000000000000000021
 0.01000000000000000021
 0.01000000000000000021
 0.01000000000000000021
0.009999514900701028663
 0.01000000000000000021
 0.01000000000000000021
0.009999989433357349064
 0.00999960326036586182
 0.01000000000000000021
 0.01000000000000000021
 0.01000000000000000021
0.009999811615430198933
 0.01000000000000000021
 0.01000000000000000021
0.009999999999999998473
0.009884892098853445552
0.009418608812280706427
 0.01000000000000000021
 0.01000000000000000021
 0.00997165432510313185
0.009942417527272208802
0.009999996563048755768
0.009999999999999998473
 0.01000000000000000021
 0.01000000000000000194
0.009728698509858650992
0.009757475129639361575
0.009999999999999975922
 0.01000000000000000194
0.009994473895969056138
0.009913158777836909505
0.009982236599714668784
0.009999999999999859696
0.009999999998320343794
0.009999572354633317478
 0.00999999999994023378
0.009999489343004961533
0.009999999999998367833
 0.01000000000000000021
 0.01000000000000000021
 0.01000000000000000021
0.009996854066867873548
 0.01000000000000000194
 0.00999999999971881888
 0.01000000000000000021
0.009999984683831309243
0.009999999999999998473
0.009999999999999998473
0.009999934220123695566
0.009831844664867559619
0.008976737843067211786
0.009997343077679710435
0.009999778269274076092
0.009936770915228199802
0.009676504877308256258
0.009999999999998848352
0.009999994287436734033
 0.01000000000000000021
0.009491193455694345305
 0.01000000000000000021
 0.01000000000000000021
0.009999999999922390415
 0.01000000000000000021
 0.01000000000000000368
0.009999999999999823266
0.009999999876373998411
0.009999544718811041039
0.009961017869324094443
0.008063822733248276337
 0.01000000000000000021
0.009999999999998180483
0.009999951770298300818
0.009999999999703221981
 0.01000000000000000194
0.009998723353836893105
 0.01000000000000000021
0.009923856380539454111
0.009999999999997549044
 0.01000000000000000194
 0.00981195810351442009
0.009983444696679786082
0.009999999999715769236
0.009999999987663012874
0.009084161894254703593
0.009825584388275151668
0.009999999999999996739
0.009987749201220896475
 0.01000000000000000021
0.009992752006972322604
0.009999997159104996591
0.009999847039504079771
0.009999991124983018467
0.009999917485826435165
0.009998440522023886723
0.009939737708446366379
 0.01000000000000000021
0.009999961492500335572
0.009999999999999995004
0.009999999999996679947
0.009997675822934133302
 0.01000000000000000021
 0.01000000000000000194
0.008677322358194388546
0.009999999997299674134
0.009993909989633160615
 0.01000000000000000021
0.009999999999999998473
 0.01000000000000000194
  0.0095642751721378063
 0.01000000000000000194
 0.01000000000000000021
0.009999999974544709555
0.007802404909788461344
0.009999999999999998473
0.009999999999999776429
 0.01000000000000000021
0.009999999985996828322
 0.01000000000000000021
0.009998873599229485612
0.009999999999999998473
 0.01000000000000000021
 0.01000000000000000194
0.009999999922365573543
 0.01000000000000000021
0.009959999607442447667
0.009999999999999306319
 0.01000000000000000021
0.009999999999999998473
0.009689886556215113883
0.008978135704692991395
0.009999996867740357578
0.009561299824086840968
0.009992894770449593442
0.009972169162829145478
0.009999999999999998473
0.009999999999999998473
0.009988890438208350084
0.009999999999999998473
0.009999999999996308717
 0.01000000000000000021
0.009999999993807675777
0.009970296010124364908
0.009999981836091322712
 0.00999999941118646582
 0.01000000000000000021
0.009572140425561335986
 0.01000000000000000021
0.009999999978147759705
0.009961441399867695945
0.007380205834870140827
0.009999995372307446395
 0.01000000000000000021
0.007292596234198684899
0.009999999999996830868
0.009997618774956138973
0.009999999999999998473
  0.0099906199665703143
0.009999999999999998473
0.009999320735648409286
0.009999916819871414869
0.009999999999927516522
0.009999698465765977443
0.009939398554483431722
 0.01000000000000000021
0.009999873157099872442
0.009999982092139139342
 0.01000000000000000021
0.009569971375929157628
0.009965006683893325862
 0.01000000000000000021
0.009704567015673293273
 0.01000000000000000021
0.009999228503813264307
 0.01000000000000000194
0.009999999999999916941
 0.00998471150104122962
0.009998135460695004723
0.009988324726158551506
0.009969205550438349495
0.009999999990744969439
0.008482842866724687667
0.009999999999930399633
0.009999900585760973515
0.009999996689898303995
  0.0089871700846124742
0.009999999999999759082
0.009994457387426932543
0.009999999999999998473
0.008956788084205703424
 0.01000000000000000021
 0.01000000000000000021
 0.00999999999992213888
0.009906043064583248264
0.009999999999992851413
0.009994275830420036935
0.009998501460915415126
0.007834294522250869613
0.009999999806744612821
 0.00998883125046875521
0.009999999999999998473
 0.01000000000000000021
0.009999999214741093698
 0.01000000000000000021
0.009999862404916069411
0.009500212880984440847
0.009999999999896772018
 0.01000000000000000021
0.009983345587313936439
 0.01000000000000000021
0.009999999999999996739
 0.01000000000000000021
 0.01000000000000000021
0.009998703565996944903
0.007771765541438076588
0.009996313378629261351
0.009311834681091148494
0.009740873311430921569
0.009805577607388990882
0.009999259439153855566
0.009999948371149858933
0.009999999999999998473
 0.00706724150635926196
0.009999999999999998473
 0.01000000000000000021
0.009999978825369989013
 0.01000000000000000021
0.009999999856455554781
0.009978381770900912259
0.009989186876629816206
0.009988416929105443584
0.009714071173911256393
0.009999999999999995004
 0.00999999924171005028
0.009889502128373865025
0.009999999999223546654
 0.01000000000000000021
0.009993248071457305065
 0.01000000000000000194
 0.00999922370735859857
0.009999999999998012215
0.009998303934752761357
 0.01000000000000000021
0.009999994047429055372
0.009825131710022081896
 0.01000000000000000021
 0.01000000000000000021
0.009910818154772073688
0.009999999987107542274
 0.01000000000000000021
0.009512752062502221467
 0.01000000000000000021
0.009999998235659899107
  0.0099999999985401853
0.009999997991237890432
0.009909671952206971363
0.003894405154851596478
0.009416317183266959337
 0.01000000000000000021
0.009932305343377745288
0.009999999999999913472
 0.01000000000000000021
0.009999999999974133746
0.009996743576609406698
 0.01000000000000000021
0.009999999999999998473
 0.01000000000000000021
0.009999999999999998473
0.009999999999999998473
0.008694317026953966854
0.009703197989954797167
0.009999999961850639801
 0.00999994495297066438
 0.01000000000000000021
 0.01000000000000000021
0.009999999999994735322
0.009999968290937681636
 0.01000000000000000021
0.007284284590830620784
0.009999999332712422584
0.009850220906366478207
0.009997961831415533296
 0.01000000000000000194
0.009999999999999764286
0.009932472880680311145
0.009501353708285505476
0.009999999991372687802
0.009999999999999998473
 0.01000000000000000021
0.009999757157584309927
0.009985236404941267782
 0.01000000000000000021
 0.01000000000000000021
 0.01000000000000000021
0.009996637995533063162
0.009999999345487977503
0.009996490050157683799
 0.01000000000000000021
0.009771634036866053141
0.008752985065871564732
 0.01000000000000000194
0.009999999998698615861
0.009772431761610566106
0.009974558226828701343
0.009999999999980226095
 0.01000000000000000021
0.009999999977176328436
0.009867023448290369175
0.009764880643689652015
 0.01000000000000000021
 0.01000000000000000021
0.009999988123882003199
0.009999999999892728378
0.009999999999842554971
0.009939252545949196424
 0.01000000000000000021
0.009999999999999998473
0.009824381553988745588
 0.01000000000000000021
0.009999999999999998473
0.009999946944639027599
 0.00350378516687897346
 0.01000000000000000194
0.009670611645805106404
0.008979354217908219402
 0.01000000000000000021
0.009774576402795977226
 0.01000000000000000021
 0.01000000000000000021
0.009857502003583299213
0.009649543373217347661
0.009994077932159074404
 0.01000000000000000021
0.009999999999999998473
 0.01000000000000000021
 0.01000000000000000021
0.009999999999450422464
 0.00999915555002502815
0.009999999746274853413
0.009999999827365687113
 0.01000000000000000021
0.009550088608565951084
0.009998965886089776489
0.009999996738709764077
0.009923363234736340757
 0.01000000000000000021
0.009999986336779719334
 0.00999999901530564464
0.009999883859657301283
0.009999999999995068389
 0.01000000000000000021
0.009999999263264940097
0.009764798736525612949
0.009174045402188052423
 0.01000000000000000021
0.004462462610733639382
 0.01000000000000000021
0.009999999999999998473
 0.01000000000000000021
0.009817806215343997944
0.009998933531085465315
 0.01000000000000000021
0.009999999991781733863
0.009999980092647514987
0.009999999865164846749
0.009999891289696477212
0.009999987342344307528
0.008355815823377719248
  0.0099999999999999898
 0.01000000000000000021
0.009803301336764031967
0.009999999599444718557
0.009999999999655170141
 0.01000000000000000021
0.009999999999987055702
0.009789081531355853238
0.005772927363193872292
 0.01000000000000000021
0.009787991626590861888
 0.01000000000000000021
0.009971401320051496986
0.009999367121006356302
0.009999999999999897859
0.009631711971098928099
0.009792306316719316325
0.009903076860442684357
0.009998292205449892112
0.009999999540438295545
0.009453698733925581729
0.009999999994959650126
0.009999999997313976929
 0.00999999996506773306
 0.01000000000000000021
0.009999999459658010306
0.009999999999999974187
 0.01000000000000000194
 0.00972291120097100621
0.009800677646084091435
 0.00999999999988114216
0.009999999999994277355
0.009999999978588252833
0.009999999999093730357
 0.00953708993097695211
0.009999287814296247551
0.009999749764524728732
 0.01000000000000000021
0.009861130261551194834
0.009308715173922012601
0.005110581796468192071
 0.01000000000000000021
0.009781908303261369758
0.009992735169123823438
 0.01000000000000000021
0.007848902607444077292
0.009999999999561685893
0.009999999999999672345
0.009999999999999887451
0.009997681311810772964
0.009994517008210315745
0.009999950849757232099
0.009999740298218918327
 0.00999285016192486171
 0.00859420435589612966
0.009999999445181408098
 0.01000000000000000021
0.009992957239731882144
0.009999999996912813452
0.009978198099634964097
 0.01000000000000000194
0.009999999999999998473
  0.0063979177242633389
 0.01000000000000000021
 0.00999999999999813885
0.009999786509736031254
0.009791719299842759072
 0.01000000000000000194
0.009942161223528207803
0.009999999910186050528
 0.01000000000000000021
 0.01000000000000000021
 0.01000000000000000194
 0.01000000000000000021
 0.01000000000000000021
0.009999505426964800867
0.009999999999999075601
0.009999999999999998473
 0.01000000000000000021
0.009999991814131446027
 0.01000000000000000021
0.009805524880927771192
0.009904440389834212252
 0.01000000000000000021
0.003406838341269885755
 0.01000000000000000021
0.009999999999999998473
 0.01000000000000000194
 0.01000000000000000021
0.009999157970644918444
0.009999991508427365922
0.009906933717031784353
0.009999999999999313258
 0.01000000000000000021
0.009911101861039875102
0.009998856201522377321
0.009999999973104597636
 0.01000000000000000021
 0.01000000000000000021
0.009994012563798903431
 0.01000000000000000021
 0.01000000000000000194
0.009900475365017038024
 0.01000000000000000021
0.009950182478639884795
0.009999931829430246805
 0.01000000000000000021
0.009981645734164688172
0.009480721923083799615
0.009512291387184488439
0.009898807393841241656
0.009808247545052509175
0.009959626494384230672
0.009999999999999819797
0.009617249843076715668
 0.01000000000000000021
0.009999999859500032645
 0.01000000000000000021
 0.01000000000000000194
 0.01000000000000000021
 0.01000000000000000021
 0.01000000000000000021
0.009999999999998038236
0.009999999999999998473
