0.009959115880841678398
 0.01000000000000000021
0.009999999989611926127
 0.01000000000000000021
 0.01000000000000000021
 0.00999682748293888486
 0.01000000000000000021
0.009160721753766278702
0.009995355138329459904
0.009914332792634171498
 0.01000000000000000021
 0.01000000000000000021
 0.01000000000000000021
 0.01000000000000000021
0.009998700376709208221
 0.01000000000000000021
0.009999999999999998473
0.009999971553566126825
0.009998994023159237313
0.009999999999999998473
 0.01000000000000000021
 0.01000000000000000021
0.009999580789586843058
 0.01000000000000000021
 0.01000000000000000194
 0.01000000000000000021
0.009555799800765809801
0.007537023149840661046
0.009999999999999998473
 0.01000000000000000021
 0.00992269051986774224
0.009927771684062341659
0.009999991091731094683
0.009999999999999998473
 0.01000000000000000021
 0.01000000000000000021
0.009362943923396635504
0.007349898628969593964
0.009999999999999937758
 0.01000000000000000021
0.009986238995341669908
0.009411356001805204485
0.009914141615690992559
0.009999999999999630712
0.009999999995559940777
0.009998779394144273816
0.009999999999842652115
0.009998626732521706528
0.009999999999995687686
 0.01000000000000000021
 0.01000000000000000021
 0.01000000000000000021
0.009998362399091083319
 0.01000000000000000194
0.009999999999264751541
 0.01000000000000000021
0.009999960092485061722
0.009999999999999998473
 0.01000000000000000021
0.009999825085790291918
 0.00975385009165286726
0.008252446232169143372
0.009991656460386450986
0.009999479504887191436
 0.00980878916785949892
0.009462893445044900237
0.009999999999997000871
0.009999985403023260028
0.009999999999999998473
0.008814291997499831138
0.009999999999999998473
 0.01000000000000000194
0.009999999999796883171
0.009999999999999998473
 0.01000000000000000194
0.009999999999999531833
0.009999999667852935148
0.009998752152597071771
0.009877373309996557993
0.008645610952639246755
 0.01000000000000000021
0.009999999999995273087
0.009999878493213851943
0.009999999999218753613
 0.01000000000000000194
0.009996702256418797325
 0.01000000000000000021
0.009871747504895370465
 0.00999999999999352969
 0.01000000000000000021
0.008371352485024428913
0.009972207598743147369
 0.00999999999924963516
0.009999999968039435805
0.008751508065443943524
0.009333643930781719902
0.009999999999999991535
0.009981577648352562768
 0.01000000000000000021
0.009990047137596045831
0.009999992401218908006
0.009999578336987120786
0.009999976503186588581
0.009999849247097902794
0.009996797833913858081
0.009908699660422605471
 0.01000000000000000194
0.009999916452152377358
0.009999999999999984596
0.009999999999991321387
 0.00999430271167091322
 0.01000000000000000021
 0.01000000000000000194
0.006511643301961042227
0.009999999992954427749
0.009971818429570794215
 0.01000000000000000021
0.009999999999999998473
 0.01000000000000000194
0.008616872208768914729
 0.01000000000000000021
0.009999999999999998473
 0.00999999993294203339
0.009532119579592802927
0.009999999999999998473
0.009999999999999410402
 0.01000000000000000021
 0.00999999996375754846
 0.01000000000000000021
0.009997408520733278708
 0.01000000000000000021
 0.01000000000000000021
 0.01000000000000000021
0.009999999808783818431
 0.01000000000000000021
0.009770545109112684437
 0.00999999999999817181
 0.01000000000000000194
 0.01000000000000000021
0.008807670941495196124
0.008884279555598331365
 0.00999999212820942146
 0.00962809995701456936
0.009978996600763364797
0.009988894024893559334
0.009999999999999998473
0.009999999999999998473
0.009982938383641176347
0.009999999999999998473
0.009999999999990277083
 0.01000000000000000021
0.009999999983632018585
 0.00998847405660452381
0.009999950858185314984
0.009999998461857388665
 0.01000000000000000021
0.009520716834769991227
 0.01000000000000000021
0.009999999942815109705
0.009974267064638199509
0.008877831575286454849
 0.00999998749697041632
 0.01000000000000000021
0.009005218245166729529
0.009999999999991633637
0.009994817348438423538
0.009999999999999993269
0.009996937529492358823
 0.01000000000000000021
0.009998535142190453223
0.009999794859176760337
0.009999999999810993412
0.009999678166053125802
0.008852366848898680918
 0.01000000000000000021
0.009999662507194697139
0.009999953728343488613
 0.01000000000000000194
0.009183536199983705767
0.009892867277702619214
 0.01000000000000000021
0.009162586113231920709
 0.01000000000000000194
0.009998662802324385923
 0.01000000000000000194
0.009999999999999786837
0.009930829512769696887
0.009998688177644857525
 0.00994647051298520532
0.009917604633275949044
0.009999999975803301744
 0.00720099918833372668
0.009999999999816728408
 0.00999972608121104875
0.009999991362707065512
0.008377513525352689797
0.009999999999999370504
0.009987764428129222716
0.009999999999999998473
0.007952156715320823563
 0.01000000000000000021
 0.01000000000000000021
0.009999999999793084127
0.009881514753579607666
0.009999999999981133356
0.009989635795097444662
0.009995961102289610198
0.009156875090663702324
0.009999999486015282574
0.009993596571709163073
 0.01000000000000000021
 0.01000000000000000021
0.009999998015774721333
 0.01000000000000000021
0.009999703956582187137
0.007808224608703027113
0.009999999999729346917
 0.01000000000000000021
0.009957822731301663177
 0.01000000000000000194
0.009999999999999998473
 0.01000000000000000021
0.009999999999999998473
0.009996076510508043397
0.009215629426041880082
0.009995297336383110812
0.006154955878989737048
0.008248166672921719567
0.009855861653272453976
0.009998474852277955058
0.009999872178398932707
 0.01000000000000000021
0.009326548978234424497
0.009999999999999998473
 0.01000000000000000021
0.009999951402176887258
 0.01000000000000000021
0.009999999632131452085
0.009953196221896947957
0.009983073298440895554
0.009983142031888896442
0.009516068987216554087
  0.0099999999999999898
0.009999997984877708954
0.009582766880523995237
0.009999999997952816605
 0.01000000000000000021
0.009988505405198040005
 0.01000000000000000021
0.009998160968485438407
0.009999999999994766547
0.009999012510238059967
 0.01000000000000000021
0.009999983797676517336
0.009668479414412756504
 0.01000000000000000021
 0.01000000000000000021
0.009102625151647336654
0.009999999966954348923
 0.01000000000000000021
0.009606482198690861896
 0.01000000000000000021
0.009999995580654896798
0.009999999996155585838
0.009999994842691732264
0.009495999579993873868
 0.00523147862621113971
0.007654963015402809975
 0.01000000000000000021
0.009919997043375072474
0.009999999999999772959
 0.01000000000000000021
0.009999999999932715489
0.009989008001540664039
 0.01000000000000000021
0.009999999999999998473
 0.01000000000000000194
 0.01000000000000000021
0.009999999999999996739
0.007433237973337349612
0.009633779312363323008
0.009999999898631184089
0.009999850871587390166
 0.01000000000000000021
 0.01000000000000000021
 0.00999999999998628375
0.009999916385705250044
 0.01000000000000000021
0.009332157090573904926
0.009999998476678220727
0.008604141631186697572
0.009995150166067999151
 0.01000000000000000194
0.009999999999999375708
0.009964282122053129409
0.009350585342515736059
0.009999999978939322701
0.009999999999999998473
 0.01000000000000000194
0.009999324265064005873
0.009963246732132644695
0.009999999999999998473
 0.01000000000000000021
 0.01000000000000000021
0.009996124067223362622
0.009999998318253001603
0.009990709627412571944
 0.01000000000000000021
0.009868472473844994153
0.009214805334585168123
 0.01000000000000000194
0.009999999996561545826
0.009834105312503328006
0.009945055533971645934
0.009999999999947710438
 0.01000000000000000194
0.009999999942437977352
0.009309876478415579637
0.009237904035482108478
 0.01000000000000000021
 0.01000000000000000021
0.009999968803819295551
0.009999999999720534521
0.009999999999584641489
 0.00990105804843501372
 0.01000000000000000021
0.009999999999999995004
 0.00948541795814754167
 0.01000000000000000021
0.009999999999999998473
0.009999856601569278441
0.004288027386554434106
 0.01000000000000000021
 0.00950136663888711229
0.009300532742425088664
 0.01000000000000000021
0.009787369734295040327
0.009999999999999998473
 0.01000000000000000021
0.009734926971100522561
0.009432498567940100428
0.009989930172038349876
0.009999999999999998473
 0.01000000000000000021
 0.01000000000000000194
 0.01000000000000000194
0.009999999998559907372
 0.00999803909470344844
0.009999999306031671226
0.009999999568761082369
 0.01000000000000000021
 0.00943139008892775535
0.009998298287337092569
0.009999991355366458223
0.009865091640369952689
 0.01000000000000000021
0.009999964345128798879
0.009999997477212314856
0.009999771364273459667
0.009999999999986977639
 0.01000000000000000021
0.009999998143657241878
0.009796829753069379379
0.008908583762917463011
0.009999999999999998473
0.006005662770879654534
 0.01000000000000000021
 0.01000000000000000021
0.009999999999999998473
0.009590311864931951383
0.009996474802616181835
 0.01000000000000000021
0.009999999978393757372
0.009999947530379988542
0.009999999640826833305
0.009999771926234803446
  0.0099999658140482936
0.008715295510048811853
0.009999999999999974187
 0.01000000000000000021
 0.00970475124606180739
0.009999998956160941616
0.009999999999093086775
 0.01000000000000000021
0.009999999999965940647
0.009548703618829793363
0.009421086914062478876
 0.01000000000000000021
0.009732975345707503903
 0.01000000000000000021
0.009920788131957875011
0.009998639753630201785
0.009999999999999726122
0.008478837735314867508
 0.00941820700983631541
0.009821181662207403504
0.009995320797978725011
0.009999998781902495401
0.009438475002832161578
0.009999999986576104533
0.009999999992961224396
 0.00999999990953194702
 0.01000000000000000021
0.009999998576882320953
0.009999999999999930819
 0.01000000000000000021
0.009773574763749218533
0.008820088820217113212
0.009999999999687375282
0.009999999999985112811
0.009999999944752912054
0.009999999997637355406
0.009542760680366061191
0.009998322408518290835
0.009999432818906818163
 0.01000000000000000021
0.009819799953248881455
0.008053880561356840592
 0.00581977757024846297
 0.01000000000000000021
0.009852529951484634632
0.009973023425973700021
 0.01000000000000000021
0.008610793156358232184
 0.00999999999884042777
0.009999999999999144989
 0.00999999999999970357
0.009995140470792642298
0.009995497230026141253
0.009999877800059123883
0.009999393237070327428
0.009988668170132391708
0.009335780316134122472
0.009999998508805103478
 0.01000000000000000021
0.009983312517390345239
 0.00999999999191424245
0.009955765282915654546
 0.01000000000000000194
0.009999999999999998473
0.008290370062154807373
 0.01000000000000000021
0.009999999999995151656
0.009999419351587615634
0.005193164909413551522
 0.01000000000000000194
0.009905252359411123933
0.009999999760677932836
 0.01000000000000000021
 0.01000000000000000021
 0.01000000000000000194
0.009999999999999998473
 0.01000000000000000021
 0.00999876710647414936
0.009999999999997587208
0.009999999999999998473
 0.01000000000000000021
0.009999978220858300043
 0.01000000000000000021
0.008209951593469273778
0.009841887589558477242
 0.01000000000000000021
0.005012034799874444738
 0.01000000000000000194
 0.01000000000000000021
 0.01000000000000000021
 0.01000000000000000021
0.009998272977091316599
0.009999978577158305168
0.009793113577707008091
0.009999999999998204769
 0.01000000000000000021
 0.00966463037920146234
 0.00999725469657541943
0.009999999929151398917
 0.01000000000000000021
 0.01000000000000000194
0.009988142447197848398
 0.01000000000000000194
 0.01000000000000000021
0.009819966332196162356
 0.01000000000000000021
0.009801835274234591694
0.009999831859570396456
 0.01000000000000000021
0.009954686450001179465
0.009568240213270219618
0.009609807676001278984
0.009858569771643435967
0.009337520107149803114
0.009935809887009823538
0.009999999999999530098
0.009576405199470838792
0.009999999999999998473
0.009999999636142882162
 0.01000000000000000021
 0.01000000000000000021
 0.01000000000000000194
 0.01000000000000000021
 0.01000000000000000194
0.009999999999994978184
0.009999999999999998473
