  0.0099535153335604757
 0.01000000000000000021
0.009999999989348390406
 0.01000000000000000021
 0.01000000000000000021
0.009996787227970243411
 0.01000000000000000021
0.009267211285544358149
 0.00999539839646793396
0.009911538472443668507
 0.01000000000000000021
 0.01000000000000000021
 0.01000000000000000021
 0.01000000000000000021
0.009998698863498340847
 0.01000000000000000021
0.009999999999999998473
0.009999970894575337804
0.009998982666551380072
0.009999999999999998473
 0.01000000000000000021
 0.01000000000000000021
0.009999583055448468122
 0.01000000000000000021
 0.01000000000000000194
 0.01000000000000000021
0.009557297085127383629
0.007615860382889404548
0.009999999999999998473
 0.01000000000000000021
0.009919851851196318654
0.009928423966668710812
0.009999990899129878458
0.009999999999999998473
 0.01000000000000000021
 0.01000000000000000021
0.009524238687220267646
0.007507256044058610404
0.009999999999999934289
 0.01000000000000000021
0.009984493900137725308
0.009552352858331560406
0.009924822109557114927
0.009999999999999620304
0.009999999995447287834
0.009998747852611537465
0.009999999999838894704
0.009998575983507817719
0.009999999999995580133
 0.01000000000000000021
 0.01000000000000000021
 0.01000000000000000021
0.009998479996040365858
 0.01000000000000000194
0.009999999999247744312
 0.01000000000000000021
0.009999959458184846939
0.009999999999999998473
 0.01000000000000000021
0.009999822695658740906
0.009519528567045845366
0.008373854290157207308
0.009991576364674669211
0.009999475314866007256
0.009807196793066654678
0.009685534254562967044
0.009999999999996933217
0.009999985131129707217
0.009999999999999998473
0.008876642256959605196
0.009999999999999998473
 0.01000000000000000194
0.009999999999792135233
0.009999999999999998473
 0.01000000000000000194
0.009999999999999521424
 0.00999999965861483181
0.009998714673900900921
0.009865525404588021061
0.009249419598964706002
 0.01000000000000000021
0.009999999999995167269
0.009999875709639925031
0.009999999999199812167
 0.01000000000000000194
0.009996626132638446877
 0.01000000000000000021
0.009838250079322681876
 0.00999999999999336836
 0.01000000000000000021
0.007992903476932326085
0.009971639592353425882
0.009999999999230893208
0.009999999967352547758
0.009629943911483690791
0.009575709561159356786
  0.0099999999999999898
0.009979809657390292452
 0.01000000000000000021
0.009989694061540183023
0.009999992202807308356
0.009999564045876327759
0.009999976052569267346
0.009999852288967483668
0.009996802985689754589
0.009930962257981181332
 0.01000000000000000194
 0.00999991461479257486
0.009999999999999984596
0.009999999999991121893
0.009993855166820509936
 0.01000000000000000021
 0.01000000000000000194
0.006572003358793010799
0.009999999992797367621
0.009971416836867591157
 0.01000000000000000021
0.009999999999999998473
 0.01000000000000000194
0.008317951933390372449
 0.01000000000000000021
0.009999999999999998473
0.009999999931344018267
0.009522638012183507611
0.009999999999999998473
0.009999999999999396524
 0.01000000000000000021
0.009999999962867361231
 0.01000000000000000194
0.009997491729344111858
 0.01000000000000000021
 0.01000000000000000021
 0.01000000000000000021
0.009999999806040316824
 0.01000000000000000021
0.009728634488582011547
0.009999999999998128442
 0.01000000000000000194
 0.01000000000000000021
0.008612550569706197215
0.009198213243947846521
0.009999991985276974332
0.009585765901527267333
0.009977785132631578763
0.009987403676390180576
0.009999999999999998473
0.009999999999999998473
0.009982410275699715382
0.009999999999999998473
0.009999999999990039426
 0.01000000000000000021
0.009999999983217041505
0.009986640839725368854
0.009999949725143253768
0.009999998425512206593
 0.01000000000000000021
0.009699976060358562677
 0.01000000000000000021
0.009999999941338886048
0.009969653372752931147
0.008039644310629539756
0.009999987152282327485
 0.01000000000000000021
0.008773983220063973076
 0.00999999999999142547
0.009994833246548888786
0.009999999999999991535
0.009996947915522427786
 0.01000000000000000021
0.009998500950488178191
0.009999792186911016581
0.009999999999806667011
 0.00999969910298868607
0.008909917588206736627
 0.01000000000000000021
0.009999653206953000584
0.009999952601845319561
 0.01000000000000000021
0.008569674398879409752
 0.00990087081048226722
 0.01000000000000000021
 0.00907591311315963413
 0.01000000000000000194
0.009998726458262574904
 0.01000000000000000194
0.009999999999999779898
0.009933309338001862152
0.009998718191594476584
0.009946133314741792755
0.009931021750833364178
 0.00999999997522737008
0.008613428651216101239
0.009999999999812358639
0.009999714902720819795
0.009999991154819204073
0.008288905793808606579
0.009999999999999356626
 0.00998905572475880868
0.009999999999999998473
0.007102135429527195801
 0.01000000000000000021
 0.01000000000000000021
0.009999999999787600666
0.009869978542631049206
 0.00999999999998066498
0.009990115790743213028
0.009995825416277991093
0.008251854357242075638
0.009999999472093573302
0.009993682464151304456
 0.01000000000000000021
 0.01000000000000000021
0.009999997981516571197
 0.01000000000000000021
 0.00999970281700866305
0.008714429916532337103
0.009999999999722956195
 0.01000000000000000021
0.009953708744949276224
 0.01000000000000000194
0.009999999999999998473
 0.01000000000000000021
0.009999999999999998473
0.009996003991276154743
0.008077985397703527429
0.009995224021633129785
0.008993224011035475668
0.009003581914962496477
0.009504381612695282644
0.009998401833155317817
0.009999869719458261835
 0.01000000000000000021
0.008955196045654046852
0.009999999999999998473
 0.01000000000000000021
0.009999950970860687488
 0.01000000000000000021
0.009999999624801270484
 0.00995513521022279961
0.009981936788440235256
 0.00998202369929339535
0.009410376118419959413
  0.0099999999999999898
0.009999997935115748776
0.009581771098575263615
0.009999999997903260759
 0.01000000000000000021
0.009988350102827012536
 0.01000000000000000021
0.009998159233895822368
0.009999999999994638178
0.009999074902066968154
 0.01000000000000000021
0.009999983351134202059
0.009425795059722791649
 0.01000000000000000021
 0.01000000000000000021
0.008927555646845452414
0.009999999966283765543
 0.01000000000000000021
0.009735344639914794707
 0.01000000000000000021
0.009999995511852712363
0.009999999996064002847
0.009999994736384482802
0.009497641061469006343
 0.00540529284319018425
0.009383873370699973362
 0.01000000000000000021
0.009936309227730857549
0.009999999999999767755
 0.01000000000000000021
0.009999999999931220157
0.009988336994896764368
 0.01000000000000000021
0.009999999999999998473
 0.01000000000000000021
 0.01000000000000000021
0.009999999999999996739
0.008505142692694228623
0.009578334433070184728
0.009999999895944858969
0.009999847442645247789
 0.01000000000000000021
 0.01000000000000000021
0.009999999999985973234
 0.00999991428070777684
 0.01000000000000000021
0.009219745668915986514
0.009999998467323472848
0.009681803014467200985
0.009995318460343707162
 0.01000000000000000021
0.009999999999999360095
0.009958981518606529679
0.009099670698405545877
0.009999999978664318723
0.009999999999999998473
 0.01000000000000000194
 0.00999931032458355358
 0.00996061936461454904
0.009999999999999998473
 0.01000000000000000021
 0.01000000000000000021
0.009996051849229404401
0.009999998283573070801
0.009990994581561867677
 0.01000000000000000021
0.009161341232246137181
0.008973208692670094772
 0.01000000000000000194
0.009999999996475800179
0.009420610706806362838
0.009937755740453607656
0.009999999999946393783
 0.01000000000000000194
0.009999999941414200802
0.009561457211649464216
0.009210659435288121033
 0.01000000000000000021
 0.01000000000000000021
 0.00999996803619294071
0.009999999999714244414
0.009999999999574399681
0.009898230519587001078
 0.01000000000000000021
0.009999999999999995004
0.009472830700045745123
 0.01000000000000000021
 0.01000000000000000021
0.009999851724328158789
0.004636102048146804704
 0.01000000000000000021
0.009833527086092084743
0.009797802035470785584
 0.01000000000000000021
0.009494794086773247418
0.009999999999999998473
 0.01000000000000000021
0.009761875545485666772
0.009734918685567004598
0.009990081761252439171
0.009999999999999996739
 0.01000000000000000021
 0.01000000000000000194
 0.01000000000000000194
0.009999999998526878237
0.009998020918860824058
0.009999999286139886825
0.009999999561699514025
 0.01000000000000000021
0.009556629698068927828
0.009998235343775049508
0.009999991141196483066
0.009833379916922522015
 0.01000000000000000021
0.009999963437987365727
0.009999997427080263568
0.009999773726247824027
0.009999999999986653246
 0.01000000000000000021
0.009999998109371620661
0.009782613587158739063
0.008793163714842537268
0.009999999999999998473
0.006178029844905907203
 0.01000000000000000021
 0.01000000000000000021
0.009999999999999998473
0.009560293091264415385
0.009996465583028321319
 0.01000000000000000021
0.009999999977866894096
0.009999945651046511508
0.009999999631115011681
0.009999772335061593576
 0.00999996489163599428
0.009386470667174705296
0.009999999999999974187
 0.01000000000000000021
0.009668973168124489134
0.009999998933938984702
 0.00999999999907097252
 0.01000000000000000021
0.009999999999965109715
 0.00942771855698434913
 0.00824843639919326313
 0.01000000000000000021
 0.00952067534726954573
 0.01000000000000000021
0.009917780269172697324
0.009998615539699226909
0.009999999999999719183
0.009754334285004636132
0.009244824782258718315
0.009824740672959761043
0.009995026579623545945
0.009999998751669514352
0.009605116379340781357
0.009999999986213719064
0.009999999992790496381
0.009999999907496892604
 0.01000000000000000021
0.009999998541339974109
0.009999999999999929085
 0.01000000000000000021
0.008924064987618437333
0.008367577485315339306
0.009999999999679744234
0.009999999999984779744
0.009999999943544633785
0.009999999997583849595
0.009053506637110074126
0.009998296415378523511
0.009999428382157402387
 0.01000000000000000021
0.009768352000516932962
0.007830306740277619137
0.006078342514826920277
 0.01000000000000000021
0.009660859906482556492
0.009973148473510896547
 0.01000000000000000021
 0.00458688797353829468
0.009999999998811253191
0.009999999999999125908
0.009999999999999696632
0.009995187209337617548
0.009995383369255279177
0.009999876029172814762
0.009999389404616500915
0.009988657809465412846
0.009712040036195329629
0.009999998467214317108
 0.01000000000000000021
0.009985738298297512638
0.009999999991729712975
0.009952645645134939809
 0.01000000000000000194
0.009999999999999998473
 0.00860970450168640003
 0.01000000000000000021
0.009999999999995042368
0.009999398032009040871
0.008262875612956317034
 0.01000000000000000194
0.009903991428722488943
0.009999999754189413045
 0.01000000000000000021
 0.01000000000000000021
 0.01000000000000000194
0.009999999999999998473
 0.01000000000000000021
0.009998746791459681843
0.009999999999997533431
0.009999999999999998473
 0.01000000000000000021
0.009999977635248491134
 0.01000000000000000021
0.007783609148262269142
0.009840884314767704352
 0.01000000000000000021
0.005263970463883291782
 0.01000000000000000194
 0.01000000000000000021
 0.01000000000000000021
 0.01000000000000000021
0.009998190170693978598
0.009999978213145046396
0.009737005408504069079
0.009999999999998163136
 0.01000000000000000021
0.009593264485641793057
0.009997208946406455424
0.009999999927464458399
 0.01000000000000000021
 0.01000000000000000194
0.009988278932709012195
 0.01000000000000000194
 0.01000000000000000021
 0.00982729532034472969
0.009999999999999998473
0.009726531381036971138
0.009999829680394280856
 0.01000000000000000021
0.009955902205781887171
0.009601727705608319174
0.009776122946577023298
0.009187359872118668058
0.009460129010062764271
0.009928253602627334917
0.009999999999999517955
0.008789663789310578346
0.009999999999999998473
0.009999999628346944655
 0.01000000000000000021
 0.01000000000000000021
 0.01000000000000000194
 0.01000000000000000021
 0.01000000000000000194
0.009999999999994879304
0.009999999999999998473
