0.009960210507379703079
 0.01000000000000000021
0.009999999989804822173
 0.01000000000000000021
 0.01000000000000000021
0.009996902689443811288
 0.01000000000000000021
0.009089131267774245779
0.009995279368358046465
0.009908029756980896857
 0.01000000000000000021
 0.01000000000000000021
 0.01000000000000000021
 0.01000000000000000021
0.009998712845330418389
 0.01000000000000000021
0.009999999999999998473
0.009999972067310044024
0.009999010200549104249
0.009999999999999998473
 0.01000000000000000021
 0.01000000000000000021
0.009999581526544697174
 0.01000000000000000021
 0.01000000000000000194
 0.01000000000000000021
0.009557788642808689311
0.007723373689180539417
0.009999999999999998473
 0.01000000000000000021
0.009924406893793959183
0.009927066783619624066
0.009999991241155021041
0.009999999999999998473
 0.01000000000000000021
 0.01000000000000000021
  0.0093012015887622701
 0.00758748320773986254
0.009999999999999937758
 0.01000000000000000021
0.009986715903242158326
0.009349093711952884828
0.009910344894555044373
0.009999999999999637651
0.009999999995642392184
0.009998805615437629177
0.009999999999845476245
0.009998659198178327934
0.009999999999995767483
 0.01000000000000000021
 0.01000000000000000021
 0.01000000000000000021
0.009998286558165632096
 0.01000000000000000194
0.009999999999277652679
 0.01000000000000000021
0.009999960687146784363
0.009999999999999998473
 0.01000000000000000021
0.009999827647785231033
0.009412627886011477527
0.008191094230476836727
0.009991780671943282718
0.009999484886818446258
0.009801058086784284265
 0.00944182675641327615
0.009999999999997052913
0.009999985627051810946
0.009999999999999998473
0.008799293719704563005
0.009999999999999998473
 0.01000000000000000194
0.009999999999800470579
0.009999999999999998473
 0.01000000000000000194
0.009999999999999542241
0.009999999674422912349
0.009998778658679853548
0.009876467975580862507
0.007866371849306190087
 0.01000000000000000021
0.009999999999995352884
0.009999880520634463546
 0.00999999999923288467
 0.01000000000000000194
0.009996758084069627681
 0.01000000000000000021
0.009891869005200960505
0.009999999999993649386
 0.01000000000000000021
0.008398323033315760813
0.009972666175368315178
0.009999999999263448763
0.009999999968575451481
0.007460120304905185941
0.008614758783308675005
0.009999999999999991535
0.009981836309707449797
 0.01000000000000000021
0.009989553017477148175
0.009999992546290494694
0.009999588118462491779
0.009999976890225718493
0.009999848462790122613
 0.00999680877267283656
0.009903002919614767308
 0.01000000000000000194
0.009999917623237054506
 0.00999999999999998633
0.009999999999991474042
0.009994501428784999947
 0.01000000000000000021
 0.01000000000000000194
 0.00703017824957357252
0.009999999993075612062
0.009972962658836782152
 0.01000000000000000021
0.009999999999999998473
 0.01000000000000000194
0.008738510929564352256
 0.01000000000000000021
0.009999999999999998473
0.009999999934145395453
0.009376221178514535307
0.009999999999999998473
0.009999999999999420811
 0.01000000000000000021
0.009999999964406619535
 0.01000000000000000021
0.009997407891934350851
 0.01000000000000000021
 0.01000000000000000021
 0.01000000000000000021
0.009999999811308255687
 0.01000000000000000021
0.009793863250097508549
0.009999999999998204769
 0.01000000000000000194
 0.01000000000000000021
0.008827386453475085173
0.008689241049997626157
0.009999992245926256004
0.009495165919396289858
0.009979578988558873015
0.009989608211839438867
0.009999999999999998473
0.009999999999999998473
 0.00998205682160008094
0.009999999999999998473
0.009999999999990454025
 0.01000000000000000021
0.009999999983935846729
0.009988582653436370307
0.009999951747477671751
 0.00999999848905448914
 0.01000000000000000021
0.009558387962614567704
 0.01000000000000000021
0.009999999943876855882
0.009975251075612324644
0.008986503056508683002
0.009999987744549297328
 0.01000000000000000021
0.009001628707975536936
0.009999999999991788027
0.009994843561397209752
0.009999999999999993269
0.009996846902403122917
 0.01000000000000000021
0.009998550907756784817
0.009999797469017222135
0.009999999999814284182
0.009999667255282002412
0.008815589710840827584
 0.01000000000000000021
 0.00999966905046452588
0.009999954564705201138
 0.01000000000000000021
0.009097851826405010944
0.009893349331048085712
 0.01000000000000000021
0.009189485567875072328
 0.01000000000000000194
 0.00999861542865290373
 0.01000000000000000194
0.009999999999999788572
0.009930950175402953467
0.009998638301221312447
0.009948203344136131998
0.009914453197206846494
0.009999999976233757762
  0.0072917652077404407
0.009999999999820015709
 0.00999973291503982939
0.009999991516698602048
0.008531655038104067612
0.009999999999999382647
0.009987858569914815493
0.009999999999999998473
0.008183132177015538591
 0.01000000000000000021
 0.01000000000000000021
0.009999999999797037561
0.009885509133036041174
0.009999999999981478566
0.009989533943149249764
0.009996049782380124135
0.009336497427371585195
0.009999999495944851893
0.009993116485441910432
 0.01000000000000000021
 0.01000000000000000021
  0.0099999980450425352
 0.01000000000000000021
0.009999706155141254577
 0.00819517741261537383
 0.00999999999973415904
 0.01000000000000000021
0.009959955746138081378
 0.01000000000000000194
0.009999999999999996739
 0.01000000000000000021
0.009999999999999998473
 0.00999614920410104961
 0.00937424847551346016
0.009995332537957122426
0.006245786454443277846
0.006843107266661700716
0.009815368018374388479
0.009998505424863454727
 0.00999987409528528895
 0.01000000000000000021
 0.00924208710636353209
0.009999999999999998473
 0.01000000000000000021
0.009999951899731004956
 0.01000000000000000021
0.009999999638021318804
0.009952483976979942942
0.009984429196517862273
0.009984464064234447808
0.009549836610352437777
0.009999999999999991535
0.009999998022058856004
0.009161876483857651216
0.009999999997989875503
 0.01000000000000000021
0.009988552317844541853
 0.01000000000000000021
0.009998185990099299134
0.009999999999994860223
0.009998965229023725615
 0.01000000000000000021
0.009999984122880611892
0.009636530345024783839
 0.01000000000000000021
 0.01000000000000000021
0.008905348490983573673
0.009999999967488031397
 0.01000000000000000021
0.009534632048965423212
 0.01000000000000000021
0.009999995642247129848
0.009999999996224539361
0.009999994927080932752
 0.00952087609911086985
0.005096729020735058999
0.006907841069057243932
 0.01000000000000000021
0.009916443296219533757
0.009999999999999778164
 0.01000000000000000021
 0.00999999999993386908
0.009989449751731226818
 0.01000000000000000021
0.009999999999999998473
 0.01000000000000000194
 0.01000000000000000021
0.009999999999999996739
0.007900436962969051985
0.009637940919000336989
0.009999999900566753849
0.009999853572011429062
 0.01000000000000000021
 0.01000000000000000021
0.009999999999986519672
0.009999917942171131571
 0.01000000000000000021
  0.0090603891118227909
0.009999998490020197556
0.007846888355145725108
0.009995064179523805228
 0.01000000000000000021
0.009999999999999386116
0.009965563880670063115
0.009484095146949282282
0.009999999979203689354
0.009999999999999998473
 0.01000000000000000194
0.009999336826910315557
0.009964974945108824242
0.009999999999999998473
 0.01000000000000000021
 0.01000000000000000021
0.009996151749387690785
0.009999998345689771473
0.009990917013024463653
 0.01000000000000000021
0.009804968013992595988
 0.00929555571547829862
 0.01000000000000000194
0.009999999996624845885
0.009779475369357835263
0.009947618083226051136
0.009999999999948678414
 0.01000000000000000194
0.009999999943297092214
0.009167685132357522582
0.009242525170459982634
 0.01000000000000000021
 0.01000000000000000021
0.009999969369995725943
0.009999999999725355318
0.009999999999592234373
0.009904359421965632307
 0.01000000000000000021
0.009999999999999995004
0.008796718012297517417
 0.01000000000000000021
0.009999999999999998473
0.009999859808870678601
0.004174728433213125041
 0.01000000000000000021
0.008641063952647116617
0.008159499574348375028
 0.01000000000000000021
0.009458381589925278846
0.009999999999999998473
 0.01000000000000000021
0.009718680876727515613
0.008158852227320340794
0.009989440857693442782
0.009999999999999998473
 0.01000000000000000021
 0.01000000000000000194
 0.01000000000000000194
0.009999999998585138924
0.009998060321701165293
0.009999999320332231961
0.009999999574894419263
 0.01000000000000000021
0.009349528789552856434
0.009998312073884298504
0.009999991514801230899
0.009876563859972041157
 0.01000000000000000021
 0.00999996500484196145
0.009999997517538487812
0.009999771396245641514
0.009999999999987218766
 0.01000000000000000021
0.009999998171725872631
0.009796194871969204562
0.008869572099703692397
0.009999999999999998473
 0.00589477638642425892
 0.01000000000000000021
 0.01000000000000000021
0.009999999999999998473
0.009573723751987476757
0.009996535678138631156
 0.01000000000000000021
0.009999999978785248031
0.009999948700115222563
0.009999999647775113798
0.009999772997974625335
0.009999966488603696455
0.008216626470282319475
0.009999999999999974187
 0.01000000000000000021
0.009710396017476008099
0.009999998973712174652
0.009999999999109516341
 0.01000000000000000021
0.009999999999966558209
0.009609955405096137077
0.009520560420634819471
 0.01000000000000000021
0.009742447428435141096
 0.01000000000000000021
 0.00991812449748195879
 0.00999866152737979505
0.009999999999999731326
0.005221394871795484623
0.009492675310984424741
0.009820586487191768771
0.009995471994663884807
0.009999998804396873289
0.008570006487927031916
0.009999999986835527224
0.009999999993087925129
0.009999999911082297147
 0.01000000000000000021
0.009999998602982767409
0.009999999999999930819
 0.01000000000000000021
0.009699659436131803647
 0.00894622955226749908
0.009999999999693042624
0.009999999999985367816
0.009999999945683023944
0.009999999997678267125
0.009527922450857559053
0.009998343881519964477
0.009999437967293833482
 0.01000000000000000021
0.009854660038487434923
0.007959682025911104034
 0.00567629463421752585
 0.01000000000000000021
0.009859853390825989647
0.009973302365289218874
 0.01000000000000000021
0.008959323242626845638
0.009999999998861896708
0.009999999999999160602
0.009999999999999708775
0.009995146427439382392
0.009995520239132509727
0.009999879438575139459
0.009999399138615654506
0.009988865653569701381
0.008120996647370405663
 0.00999999853835534247
 0.01000000000000000021
0.009983064029502428105
0.009999999992055507922
0.009954791937091408971
 0.01000000000000000194
0.009999999999999998473
0.008018285742458934606
 0.01000000000000000021
0.009999999999995234923
 0.00999943302280162892
0.006876164560981703512
 0.01000000000000000194
0.009906418834197515053
0.009999999765315572067
 0.01000000000000000021
 0.01000000000000000021
 0.01000000000000000194
0.009999999999999998473
 0.01000000000000000021
0.009998783959892483877
0.009999999999997628841
0.009999999999999998473
 0.01000000000000000021
0.009999978640151877332
 0.01000000000000000021
 0.00860137547187098811
 0.00983778002515459625
 0.01000000000000000021
0.004894374816054031588
 0.01000000000000000194
 0.01000000000000000021
 0.01000000000000000021
 0.01000000000000000021
 0.00999833118204090758
0.009999978890378397392
0.009798297360520001956
 0.00999999999999823426
 0.01000000000000000021
 0.00970428171720324334
0.009997292243683146215
0.009999999930422189681
 0.01000000000000000021
 0.01000000000000000194
0.009988147547529852358
 0.01000000000000000194
 0.01000000000000000021
0.009818383678926264138
 0.01000000000000000021
0.009800613459372185809
0.009999833993395374279
 0.01000000000000000021
0.009953445346900045149
0.009195223746474434981
0.009299081024256434375
0.009794142756134858324
0.009340048102267579921
0.009944036132230384475
0.009999999999999537037
0.009548964726199015915
0.009999999999999998473
0.009999999642233968131
 0.01000000000000000021
 0.01000000000000000021
 0.01000000000000000194
 0.01000000000000000021
 0.01000000000000000194
0.009999999999995059716
0.009999999999999998473
