0.009949795823518828644
 0.01000000000000000021
0.009999999989278864423
 0.01000000000000000021
 0.01000000000000000021
0.009996822989106441543
 0.01000000000000000021
0.009307818679513055887
 0.00999539521471989531
0.009901439555061841702
 0.01000000000000000021
 0.01000000000000000021
 0.01000000000000000021
 0.01000000000000000021
0.009998709630837371645
 0.01000000000000000021
0.009999999999999998473
0.009999970751923529036
0.009998985858424026471
0.009999999999999998473
 0.01000000000000000021
 0.01000000000000000021
0.009999585757685065801
 0.01000000000000000021
 0.01000000000000000194
 0.01000000000000000021
0.009557301497672877552
0.007989826197974210162
0.009999999999999998473
 0.01000000000000000021
0.009918987921116910814
 0.00992854234622417807
0.009999990856730070835
0.009999999999999998473
 0.01000000000000000021
 0.01000000000000000021
 0.00959610047581014973
0.007757715438785986808
0.009999999999999934289
 0.01000000000000000021
0.009983327586991235306
0.009594239611028785794
0.009929637198332523854
0.009999999999999620304
0.009999999995417566817
0.009998742482962849967
0.009999999999837977036
0.009998559073190632987
0.009999999999995552377
 0.01000000000000000021
 0.01000000000000000021
 0.01000000000000000021
0.009998528788171237927
 0.01000000000000000194
0.009999999999243697202
 0.01000000000000000021
0.009999959418913066667
0.009999999999999998473
 0.01000000000000000021
0.009999822871451428605
0.008527655505061841612
0.008296667215951770979
0.009991613488631898715
0.009999476399451897105
0.009794225274188664981
 0.00953450847266462502
0.009999999999996919339
0.009999985083521147761
0.009999999999999998473
0.008918248992959537658
0.009999999999999998473
 0.01000000000000000194
0.009999999999790988581
0.009999999999999998473
 0.01000000000000000368
 0.00999999999999951969
0.009999999655994105258
0.009998704246802806242
0.009851632775640706968
0.009181623881561898001
 0.01000000000000000021
0.009999999999995142982
0.009999874958369393135
0.009999999999195079842
 0.01000000000000000194
0.009996605735002063106
 0.01000000000000000021
0.009830720355371901434
0.009999999999993326727
 0.01000000000000000021
0.007272731170511750713
0.009971710574168382926
0.009999999999226042921
0.009999999967203354601
0.009717949977980007772
 0.00916450007580331058
  0.0099999999999999898
0.009978534322880108776
 0.01000000000000000021
 0.00998893617236485884
 0.00999999215040454914
0.009999559501931466754
0.009999975990392179215
0.009999854481458098077
0.009996818707024870271
0.009943044707527442724
 0.01000000000000000194
0.009999913947273486245
0.009999999999999984596
0.009999999999991071586
0.009993609102505070924
 0.01000000000000000021
 0.01000000000000000194
0.006934430797096293592
0.009999999992761968853
0.009972046106728504541
 0.01000000000000000021
0.009999999999999998473
 0.01000000000000000194
0.008444381770821870678
 0.01000000000000000021
0.009999999999999998473
0.009999999930955601538
 0.00954300555427113964
0.009999999999999998473
0.009999999999999393055
 0.01000000000000000021
0.009999999962629256556
0.009999999999999998473
0.009997564668885973102
 0.01000000000000000021
 0.01000000000000000021
 0.01000000000000000021
 0.00999999980580977034
 0.01000000000000000021
0.009722003504791106379
0.009999999999998116298
 0.01000000000000000194
 0.01000000000000000021
0.008420795295470448472
0.009310774778540153312
0.009999991959996967078
0.009490084641251422815
0.009977157870471615314
0.009986898732920915928
0.009999999999999998473
0.009999999999999998473
0.009981125961991139939
0.009999999999999998473
0.009999999999989976976
 0.01000000000000000021
0.009999999983107651577
0.009985105755318503251
0.009999949485893762022
0.009999998416463607917
 0.01000000000000000021
0.009706760072485724061
 0.01000000000000000021
0.009999999940930369077
0.009967557841631861579
0.007112404680331333058
0.009999987056731182364
 0.01000000000000000021
0.008481486113107531907
0.009999999999991371694
0.009994873754197428073
0.009999999999999991535
0.009996929358565210394
 0.01000000000000000021
0.009998484531297698735
0.009999792107809013855
0.009999999999805645259
 0.00999970908042521929
 0.00893075304697642583
 0.01000000000000000021
0.009999650496926401622
0.009999952316734648378
 0.01000000000000000021
0.007990200848095537628
0.009907740303221196365
 0.01000000000000000021
0.008995472831557807872
 0.01000000000000000194
0.009998743413459680596
 0.01000000000000000194
0.009999999999999778164
0.009935581999165814943
0.009998699709689647108
0.009947249155541860663
 0.00993952035392253741
0.009999999975083892836
0.008897304490558715154
0.009999999999811293519
0.009999710639217710209
  0.0099999911014582131
0.008371934468384533562
0.009999999999999353156
0.009990182005350985509
0.009999999999999998473
0.007194948941347126606
 0.01000000000000000021
 0.01000000000000000021
0.009999999999786096661
0.009862359758733313386
0.009999999999980547019
0.009990473391205248466
0.009995779708938437244
0.007696380429821479685
0.009999999468169266242
0.009993464050974534135
 0.01000000000000000021
 0.01000000000000000021
0.009999997976496593707
 0.01000000000000000021
0.009999703870898487418
0.008746767698922247244
0.009999999999721401883
 0.01000000000000000021
0.009951976518662272383
 0.01000000000000000194
0.009999999999999998473
 0.01000000000000000021
0.009999999999999998473
0.009996003948611102696
0.006502198489619724804
0.009995201731956110738
0.009365959426109482858
0.008985095116580014973
0.008302165466786377152
0.009998360230482289043
 0.00999986917566888199
 0.01000000000000000021
0.008832508167170540631
0.009999999999999998473
 0.01000000000000000021
0.009999951035897507168
 0.01000000000000000021
0.009999999623373957355
0.009956350688857267331
0.009982395928332568613
0.009982435442362375469
0.009272122725749317243
  0.0099999999999999898
0.009999997922748393372
0.008955061858757476859
0.009999999997890965039
 0.01000000000000000021
0.009988245769867475088
 0.01000000000000000021
0.009998177350920567363
0.009999999999994606953
0.009999091505068622224
 0.01000000000000000021
0.009999983233466095897
0.008490460749708012705
 0.01000000000000000021
 0.01000000000000000021
0.008621539019691561861
0.009999999966148066799
 0.01000000000000000021
0.009771869336850274104
 0.01000000000000000021
0.009999995504466171331
0.009999999996041725528
0.009999994714688783745
0.009515129436890708281
0.005505611113812645604
0.009465527383534859743
 0.01000000000000000021
0.009945480801158104733
 0.00999999999999976602
 0.01000000000000000021
0.009999999999930880151
0.009988153098805678531
 0.01000000000000000021
0.009999999999999998473
 0.01000000000000000021
 0.01000000000000000021
0.009999999999999996739
0.008916707019664389319
0.009534037296844457415
 0.00999999989520726669
 0.00999984672797528569
 0.01000000000000000021
 0.01000000000000000021
 0.00999999999998590211
0.009999913735895449643
 0.01000000000000000021
 0.00909779603404729971
0.009999998471034105343
 0.00965625829457293465
0.009995401572165912851
 0.01000000000000000021
0.009999999999999356626
0.009955226414444235186
0.009028107420701354455
0.009999999978651967492
0.009999999999999998473
 0.01000000000000000194
0.009999308991562275151
0.009960143202768483722
0.009999999999999998473
 0.01000000000000000021
 0.01000000000000000021
 0.00999602269654620984
0.009999998276393749427
0.009991390716501624691
 0.01000000000000000021
0.007010000557205787325
 0.00882902954648992315
 0.01000000000000000194
 0.00999999999645371368
0.008128215444541455129
0.009932718083671835188
0.009999999999946050308
 0.01000000000000000194
0.009999999941249398602
0.009597641997265577915
0.009183056837399165839
 0.01000000000000000021
 0.01000000000000000021
0.009999967837315703115
0.009999999999712794185
0.009999999999571788922
0.009899365184757430089
 0.01000000000000000021
0.009999999999999995004
0.008951582809383839059
 0.01000000000000000194
 0.01000000000000000021
0.009999850104385619304
0.004905630031897570756
 0.01000000000000000021
0.009802205355357512112
0.009794636616052010414
 0.01000000000000000021
0.008674026887058559898
0.009999999999999998473
 0.01000000000000000021
0.009771445498490339415
0.009595818622582187943
0.009989853720263536241
0.009999999999999998473
 0.01000000000000000021
 0.01000000000000000194
 0.01000000000000000194
0.009999999998519195146
0.009998024336115667737
 0.00999999928072999901
0.009999999560760180345
 0.01000000000000000021
0.009604692024217997143
0.009998186311040248297
0.009999991087661535757
0.009817759669997365435
 0.01000000000000000021
0.009999963194071979575
0.009999997417360949672
0.009999776055357064569
0.009999999999986569979
 0.01000000000000000021
0.009999998103149772971
0.009762590341365427055
0.008680616974898454005
0.009999999999999998473
  0.0061973931212578404
 0.01000000000000000021
 0.01000000000000000021
0.009999999999999998473
0.009519134611623613143
0.009996518202151973356
 0.01000000000000000021
0.009999999977733597945
0.009999944950454473999
0.009999999628401997839
 0.00999977378557085142
0.009999964651310332131
0.009517441829218726418
0.009999999999999972453
 0.01000000000000000021
0.009642972188480848639
0.009999998929328283992
0.009999999999065376302
 0.01000000000000000021
0.009999999999964901548
0.009422100204160031856
0.006767642823637624178
 0.01000000000000000021
0.008932273144024831246
 0.01000000000000000021
0.009913947488067264766
0.009998613166539011693
0.009999999999999717448
0.009754025129013048009
0.009155653506076251794
0.009827987340477281619
0.009994885398105095992
0.009999998744112477758
0.009325403554859982083
0.009999999986112633257
0.009999999992747095334
0.009999999907018114129
 0.01000000000000000021
0.009999998532029376677
0.009999999999999929085
 0.01000000000000000021
0.006963328276211736174
0.007702180830563152419
0.009999999999677811752
0.009999999999984701682
 0.00999999994326951358
0.009999999997571422036
0.008151168015463772926
0.009998292030427343574
0.009999429054045922902
 0.01000000000000000021
0.009784764990270786861
0.007243223218772301512
0.006183780421130151417
 0.01000000000000000021
0.009140991358254633645
0.009973534945113063377
 0.01000000000000000021
0.001819191680134306681
0.009999999998803674184
0.009999999999999122438
0.009999999999999693162
0.009995238273380422506
0.009995319307662552458
0.009999875890161038713
0.009999391355051257327
0.009988838366041826941
0.009693369514701151782
 0.00999999845538790226
 0.01000000000000000021
0.009987541417670853586
0.009999999991687075207
 0.00994887912087904884
 0.01000000000000000194
0.009999999999999998473
0.008668873451757473994
 0.01000000000000000021
0.009999999999995018082
0.009999390631846457461
0.008800451194081748002
 0.01000000000000000194
0.009904227007609723438
0.009999999752372496636
 0.01000000000000000021
 0.01000000000000000021
 0.01000000000000000194
0.009999999999999998473
 0.01000000000000000021
0.009998743030765642678
0.009999999999997519554
0.009999999999999998473
 0.01000000000000000021
0.009999977471793836808
 0.01000000000000000021
0.007804394940004552583
0.009838432945894594675
 0.01000000000000000021
 0.00537244706242564346
 0.01000000000000000194
 0.01000000000000000021
 0.01000000000000000021
 0.01000000000000000021
 0.00999816657947705939
 0.00999997816194090304
0.009694924741006893595
0.009999999999998152728
 0.01000000000000000021
0.009583443603998723082
 0.00999719982660096651
 0.00999999992705486937
 0.01000000000000000021
 0.01000000000000000194
0.009988416261526038634
 0.01000000000000000194
 0.01000000000000000021
0.009834206853953210078
 0.01000000000000000021
0.009657182162609684664
0.009999829621306889627
 0.01000000000000000021
0.009956160491192932172
0.009461365008325802947
0.009744381448514548294
0.007184075858563773731
0.009545758057399739149
0.009933316318435652173
 0.00999999999999951622
 0.00751728937924386019
0.009999999999999998473
0.009999999626660791702
 0.01000000000000000021
 0.01000000000000000021
 0.01000000000000000194
 0.01000000000000000021
 0.01000000000000000194
0.009999999999994860223
0.009999999999999998473
