0.009995268577741998201
0.009999999999999998473
0.009999999998633980064
0.009999999999999998473
0.009999999999999998473
 0.00999975572363422105
0.009999999999999998473
0.009890545114613763511
0.009999251362226610484
 0.00998470378978493292
0.009999999999999998473
0.009999999999999998473
0.009999999999999998473
0.009999999999999998473
0.009999867830562015822
0.009999999999999998473
0.009999999999999998473
0.009999996515542055806
0.009999815831147375322
0.009999999999999998473
0.009999999999999998473
0.009999999999999998473
 0.00999993857356677035
0.009999999999999998473
0.009999999999999998473
0.009999999999999996739
0.009972475396503841655
0.009835836257822444528
0.009999999999999996739
0.009999999999999998473
0.009981532302933453921
0.009987719770387537555
0.009999998886679919985
0.009999999999999996739
 0.01000000000000000021
0.009999999999999998473
0.009934214472511280342
 0.00993363984953070378
0.009999999999999991535
0.009999999999999998473
0.009998624076199509603
0.009984360381929704292
0.009993892494244845451
0.009999999999999951636
0.009999999999416116572
0.009999841353655737272
0.009999999999979828844
0.009999844319078870017
0.009999999999999438158
0.009999999999999998473
0.009999999999999998473
0.009999999999999998473
0.009999800622026801256
0.009999999999999998473
0.009999999999905934828
 0.01000000000000000021
0.009999995464197218228
0.009999999999999998473
0.009999999999999996739
0.009999981559066731945
0.009617985053079387142
0.009835497113727796614
0.009999104217323848132
0.009999935281181740812
0.009993026000768200079
0.007933206401533155622
0.009999999999999616834
0.009999998200032462342
0.009999999999999998473
0.009963215156673850201
0.009999999999999996739
0.009999999999999998473
0.009999999999973929049
0.009999999999999998473
0.009999999999999998473
0.009999999999999937758
0.009999999955608013594
0.009999851478604613111
0.009979995180918159112
0.009440777865818017131
0.009999999999999998473
0.009999999999999396524
0.009999983318425430603
0.009999999999899243999
0.009999999999999998473
0.009999505274030692781
0.009999999999999998473
 0.00998743974887546411
0.009999999999999153663
 0.01000000000000000021
0.009478669196552921838
0.009997787328587226172
0.009999999999902161804
0.009999999995973099867
0.009598837528067699632
0.009549251355658835635
0.009999999999999996739
0.009994893866045417158
0.009999999999999998473
0.009996274940340443838
0.009999999007593343356
0.009999934551790564882
0.009999997244417906106
0.009999985011764821186
0.009999586362935217881
0.009978793490517973153
0.009999999999999998473
0.009999986425426101236
0.009999999999999996739
0.009999999999998886516
0.009998692847120132718
0.009999999999999998473
0.009999999999999998473
0.009948040542117883578
0.009999999999109330726
0.009998093201192969834
0.009999999999999998473
0.009999999999999996739
0.009999999999999998473
0.009899139193048878474
0.009999999999999998473
0.009999999999999998473
0.009999999991424623688
0.009412887192150916696
0.009999999999999996739
0.009999999999999922146
0.009999999999999998473
0.009999999995146119022
0.009999999999999998473
0.009999475105056330679
0.009999999999999998473
0.009999999999999998473
 0.01000000000000000021
0.009999999977103790974
0.009999999999999998473
0.009993613715477460413
0.009999999999999764286
0.009999999999999998473
0.009999999999999998473
0.009946748109465124513
0.009788003891729131489
0.009999999010783952591
0.009882143022012925687
0.009998213507133582242
0.009997780304677650678
0.009999999999999996739
0.009999999999999998473
 0.00999542998431844805
0.009999999999999998473
0.009999999999998735595
0.009999999999999998473
0.009999999997848433089
0.009997102350479942709
0.009999994044459789913
0.009999999798365917514
0.009999999999999996739
  0.0095041315982120015
0.009999999999999998473
  0.0099999999922998975
0.009992807179201677187
0.009886438260612242721
0.009999998339261023314
0.009999999999999996739
0.009871002428621157912
0.009999999999998905598
0.009999463043094406617
0.009999999999999998473
0.009999101255331840563
0.009999999999999998473
 0.00999978861325888195
0.009999976066925968937
0.009999999999975792142
 0.00999996716308481845
0.009866821300082671831
0.009999999999999996739
0.009999952178168989431
0.009999993829358939587
0.009999999999999998473
0.009887979969801641636
 0.00998943122970068903
0.009999999999999998473
0.009957956630343855683
0.009999999999999998473
0.009999643420049402279
0.009999999999999998473
0.009999999999999968983
0.009993723326316299865
0.009999469130085409871
0.009996485905847427716
0.009987578779403301008
0.009999999996857284953
0.009844614493479597259
0.009999999999976532869
 0.00999995653641049323
0.009999998848974371232
0.009952587907282640228
0.009999999999999916941
0.009996856432609214221
0.009999999999999998473
0.009561469301849923053
0.009999999999999998473
0.009999999999999998473
0.009999999999972586373
0.009976821816575357979
0.009999999999997549044
0.009998664845714509697
0.009999378182671981447
0.009849286571462820272
0.009999999931084271182
0.009998047697900800876
0.009999999999999996739
0.009999999999999998473
0.009999999759142348676
0.009999999999999998473
0.009999966415409069012
0.009840124243904123033
0.009999999999965250227
0.009999999999999998473
0.009990373929440115458
0.009999999999999998473
0.009999999999999996739
0.009999999999999998473
0.009999999999999996739
0.009999562147220837985
 0.00985561748508359016
0.009999416948449814033
0.009581744466689690043
0.009817369990851391656
 0.00836813312521483485
0.009999621298797866861
0.009999983031921632487
0.009999999999999998473
0.009110698722055433213
0.009999999999999996739
0.009999999999999998473
 0.00999999438134288772
0.009999999999999998473
 0.00999999995429666326
0.009986676780179740143
0.009993369328724232073
0.009993744926370298765
0.009689410837671937754
0.009999999999999996739
0.009999999741100702375
0.008938646706548970117
0.009999999999736662246
0.009999999999999996739
0.009997862175247656386
0.009999999999999998473
0.009999576046078794897
0.009999999999999321931
0.009999762100017043839
0.009999999999999996739
0.009999997923526942473
0.008936647011390685957
0.009999999999999998473
0.009999999999999998473
 0.00968263284113263234
0.009999999995864664037
0.009999999999999998473
 0.00988461711317793236
0.009999999999999998473
0.009999999473439099423
 0.00999999999950806559
0.009999999350953987093
0.009985341709762150103
  0.0096383886442475801
0.009156060525157341812
0.009999999999999996739
0.009981632309708726378
0.009999999999999968983
0.009999999999999998473
0.009999999999991461899
0.009998738993147989265
0.009999999999999998473
0.009999999999999996739
0.009999999999999998473
0.009999999999999998473
0.009999999999999996739
0.009885555811547373437
0.009976665203679610516
0.009999999986549270095
0.009999981978345175507
0.009999999999999998473
0.009999999999999998473
0.009999999999998251607
0.009999988596987051392
0.009999999999999998473
0.009824303365143798386
0.009999999823562049153
0.007304448635789625652
0.009998948292668386612
0.009999999999999998473
0.009999999999999916941
0.009993035148418410313
0.009880445949487674101
0.009999999997501509211
0.009999999999999998473
0.009999999999999998473
0.009999922760592742932
0.009997170237953306032
0.009999999999999998473
0.009999999999999998473
0.009999999999999998473
0.009999495796219932606
0.009999999788477388282
0.009998137712612658809
0.009999999999999998473
0.009703707210722993526
0.009931414983047642808
 0.01000000000000000021
0.009999999999552706964
0.008419629994864440484
0.009989847777927532771
0.009999999999993172337
0.009999999999999998473
0.009999999992938790952
0.009978052974783666387
0.009978933708537817554
0.009999999999999998473
0.009999999999999998473
 0.00999999587830594644
0.009999999999964448785
0.009999999999946123166
0.009991194878268447668
0.009999999999999998473
0.009999999999999996739
0.009585273985671797711
0.009999999999999998473
0.009999999999999998473
0.009999979395077844557
0.009587289812983233392
 0.01000000000000000021
0.009606323558890902253
0.009097058156421368794
0.009999999999999998473
 0.00976420014442722084
0.009999999999999998473
0.009999999999999998473
0.009965603725014973366
0.009773641647465294499
0.009996746299414072459
0.009999999999999998473
0.009999999999999998473
0.009999999999999998473
0.009999999999999998473
0.009999999999817129129
0.009999782594193361643
0.009999999910406865214
0.009999999947633423855
0.009999999999999998473
0.009947973411842916253
0.009999443156902224072
 0.00999999890577113297
0.009986719997537578386
0.009999999999999998473
0.009999995159151382415
0.009999999686722540679
0.009999976028636685735
0.009999999999998300179
0.009999999999999998473
0.009999999766547850236
0.009973769592213584112
0.009776836528484851921
0.009999999999999998473
0.009643676744268423265
0.009999999999999998473
0.009999999999999998473
0.009999999999999998473
0.009979367081336832507
0.009999738283729141947
0.009999999999999998473
0.009999999997193141296
0.009999991557154331093
0.009999999952144620827
0.009999975098221966507
0.009999995622538658882
 0.00981133231414457567
0.009999999999999995004
0.009999999999999998473
0.009975463471799809675
0.009999999870307543781
0.009999999999882181259
0.009999999999999998473
0.009999999999995578398
0.009974800954146750137
  0.0097532839261013516
0.009999999999999998473
0.008999314672629108239
0.009999999999999998473
0.009986640711603864129
0.009999799230242044368
0.009999999999999963779
0.008049612984041391167
0.009918115215206101121
0.009984945428939587253
0.009999113234198182126
0.009999999846488770439
0.009576193374501721506
0.009999999998212293073
0.009999999999081627192
0.009999999988347158322
0.009999999999999998473
0.009999999811981902589
0.009999999999999988065
 0.01000000000000000021
0.009697309771891761757
0.009513980826085899345
0.009999999999959369515
0.009999999999998104155
0.009999999992918897143
0.009999999999698959766
0.009596121634958324625
0.009999777083474976555
 0.00999992871157464637
0.009999999999999998473
0.009961726650820935947
0.009845399001037848097
0.009646189544703512656
0.009999999999999998473
0.008292401934867583979
0.009997236563984480268
0.009999999999999998473
 0.00975797707743663971
0.009999999999848850282
0.009999999999999890921
 0.00999999999999996031
0.009999534397380797565
0.009999294262138819916
0.009999985565513345651
0.009999931712336580444
0.009998455587619112933
0.009736218589142951046
0.009999999800511246567
0.009999999999999998473
0.009996131326066056214
0.009999999998974650264
0.009992286981703532231
0.009999999999999998473
0.009999999999999996739
0.009913993071340719207
0.009999999999999998473
0.009999999999999382647
0.009999914218815957045
0.009235361438382067717
0.009999999999999998473
0.009993364065739125321
0.009999999968089262267
0.009999999999999998473
0.009999999999999998473
0.009999999999999998473
0.009999999999999998473
 0.01000000000000000021
0.009999818919079557847
0.009999999999999687958
0.009999999999999998473
0.009999999999999998473
 0.00999999708501051951
0.009999999999999998473
0.009901125798653450868
0.009976719634327025146
0.009999999999999998473
0.009650427463682541632
0.009999999999999998473
0.009999999999999998473
0.009999999999999998473
0.009999999999999998473
0.009999600444089143045
0.009999997405907365064
0.009957932230726119702
 0.00999999999999976949
0.009999999999999998473
0.009992095536243162171
0.009999531998615506997
0.009999999990941909125
0.009999999999999996739
0.009999999999999998473
0.009998851318181838088
0.009999999999999998473
0.009999999999999998473
0.009975027188237515011
0.009999999999999998473
0.009943620799571286153
0.009999980420302582995
0.009999999999999996739
0.009991111610455462658
0.009909404656803240397
0.009722759447291614426
0.009795522648632129861
0.009947755931498330692
0.009991126570610381341
0.009999999999999937758
0.009846096913899014119
0.009999999999999998473
 0.00999999995418685006
0.009999999999999998473
0.009999999999999998473
0.009999999999999998473
0.009999999999999998473
 0.01000000000000000021
0.009999999999999372238
0.009999999999999998473
