0.009992331749353775341
 0.01000000000000000021
0.009999999997958157819
 0.01000000000000000021
 0.01000000000000000021
0.009999641885657512691
 0.01000000000000000021
 0.00980854965430782294
0.009998859039658173145
 0.00996748864906362754
 0.01000000000000000021
 0.01000000000000000021
 0.01000000000000000021
 0.01000000000000000021
0.009999803479317651358
 0.01000000000000000021
 0.01000000000000000021
 0.00999999478663895526
0.009999733100389977813
 0.01000000000000000021
 0.01000000000000000021
 0.01000000000000000021
0.009999908693756826353
 0.01000000000000000021
 0.01000000000000000021
 0.01000000000000000021
0.009956166495592309179
0.009569016206709458211
 0.01000000000000000021
 0.01000000000000000021
0.009973178160744777809
0.009981120317365956007
0.009999998335044427492
0.009999999999999998473
 0.01000000000000000194
 0.01000000000000000194
0.009883998038759443314
0.009837780543819280368
0.009999999999999988065
 0.01000000000000000021
 0.00999793592572778729
0.009963160622436396247
0.009989926221930562136
0.009999999999999929085
0.009999999999127248684
0.009999764147017871363
0.009999999999969842041
 0.00999976716702837172
0.009999999999999164071
 0.01000000000000000021
 0.01000000000000000021
 0.01000000000000000021
0.009999700590921947047
 0.01000000000000000021
0.009999999999859355768
 0.01000000000000000021
0.009999993213829012212
 0.01000000000000000021
 0.01000000000000000021
0.009999972399999305581
0.009493024156696568128
0.009685867442524483117
0.009998668945066672975
0.009999903622033038883
0.009988139391531463546
0.006377616342194217421
0.009999999999999429484
0.009999997308594577028
 0.01000000000000000021
0.009932210287825499889
0.009999999999999998473
 0.01000000000000000021
0.009999999999961022706
 0.01000000000000000021
 0.01000000000000000021
0.009999999999999910003
 0.00999999993364492426
0.009999778023188543932
0.009956839003782740061
0.008338005450172313385
 0.01000000000000000021
0.009999999999999101621
0.009999975078125649536
0.009999999999849358556
 0.01000000000000000021
0.009999263915492967447
 0.01000000000000000021
0.009974290110205388457
0.009999999999998739064
 0.01000000000000000194
0.008607956891047886458
0.009996592459194594132
0.009999999999853738733
0.009999999993978296239
0.008864159747826366731
0.009334273215427965967
0.009999999999999998473
0.009991901433593255999
 0.01000000000000000021
0.009993932664347209699
0.009999998516371120735
 0.00999990277953500574
0.009999995877537770986
0.009999977575167420807
0.009999382649503027118
0.009970154118818486469
 0.01000000000000000021
0.009999979754673494689
0.009999999999999996739
0.009999999999998338343
0.009998030303010331868
 0.01000000000000000021
 0.01000000000000000194
0.009903579858557574889
0.009999999998668138504
0.009997374989664112657
 0.01000000000000000021
0.009999999999999998473
 0.01000000000000000021
0.009816939174218461059
 0.01000000000000000021
 0.01000000000000000021
0.009999999987177338873
0.008215835022414508942
0.009999999999999998473
0.009999999999999885716
 0.01000000000000000021
0.009999999992746581856
 0.01000000000000000021
0.009999266478384533086
 0.01000000000000000021
 0.01000000000000000021
 0.01000000000000000021
0.009999999965753313125
 0.01000000000000000021
0.009985782425978964247
0.009999999999999648059
 0.01000000000000000021
 0.01000000000000000021
0.009909213941388474167
0.009453018438353423536
0.009999998521158541195
0.009748276543941065964
0.009997296070191872414
0.009996274515359084706
0.009999999999999998473
0.009999999999999998473
 0.00999101542016097785
 0.01000000000000000021
0.009999999999998111094
 0.01000000000000000021
 0.00999999999678394258
0.009995119643113595589
0.009999991088114258686
0.009999999698650724814
 0.01000000000000000021
0.009260130597756771262
 0.01000000000000000021
0.009999999988493319183
0.009986174493216124631
0.009785938174767021269
 0.00999999751783513767
0.009999999999999998473
0.009775403326934039086
0.009999999999998367833
0.009999195480341822526
 0.01000000000000000021
0.009998586001971756371
 0.01000000000000000021
0.009999684081995684551
0.009999964192954237732
0.009999999999963808672
0.009999951000163879306
0.009658853970156758978
 0.01000000000000000021
0.009999928670928330196
 0.00999999078618411287
 0.01000000000000000021
0.009780658572279690016
0.009986606852271220913
 0.01000000000000000021
0.009931012941786603043
 0.01000000000000000021
0.009999475507758483553
 0.01000000000000000194
0.009999999999999958575
0.009990135084745129998
0.009999207470024470273
 0.00999521432218556348
0.009983250486771127682
0.009999999995301881578
0.009709745358483319946
0.009999999999964911956
0.009999935104600642111
0.009999998280323125349
 0.00992570421980566199
0.009999999999999880512
0.009995872661928166189
 0.01000000000000000021
0.008873669586743754972
 0.01000000000000000021
 0.01000000000000000021
0.009999999999959024305
0.009964377563531953697
0.009999999999996338207
0.009998116031505799306
 0.00999907434008737335
0.009714132738194800748
0.009999999896999976767
0.009996455084026127647
 0.01000000000000000021
 0.01000000000000000021
0.009999999639730200104
 0.01000000000000000021
0.009999949778464368652
0.009763103066774053707
 0.00999999999994804524
 0.01000000000000000021
0.009985742187898877589
 0.01000000000000000021
0.009999999999999998473
 0.01000000000000000021
 0.01000000000000000021
0.009999346316372038912
 0.00968478616904351261
0.009999121304565506199
0.009497288846732222095
0.009684777078773276413
 0.00667431996662508787
0.009999435347259678572
0.009999974646367457837
 0.01000000000000000021
0.007626728227344396066
0.009999999999999998473
 0.01000000000000000021
0.009999991595541034631
 0.01000000000000000021
0.009999999931648333867
0.009980617122038890066
0.009990266898443268817
0.009990825386569019903
0.009443672015784892668
0.009999999999999996739
0.009999999612890254908
0.008313174840192415205
0.009999999999606263082
0.009999999999999998473
0.009996790664486150321
 0.01000000000000000194
0.009999400672327922804
 0.00999999999999898713
0.009999643750353651508
0.009999999999999998473
0.009999996894431335132
0.007297535774635422606
 0.01000000000000000021
 0.01000000000000000021
 0.00941083104939009589
0.009999999993816078778
 0.01000000000000000194
0.009811980632782917738
 0.01000000000000000021
0.009999999212246086025
0.009999999999264425413
0.009999999029689520674
0.009978735558593885419
0.009417937205134516501
0.008559901632661161275
 0.01000000000000000021
0.009974265695506646587
 0.00999999999999995684
 0.01000000000000000021
0.009999999999987234378
0.009998097560751831314
 0.01000000000000000021
0.009999999999999998473
 0.01000000000000000021
 0.01000000000000000021
0.009999999999999998473
0.009821195545631310544
0.009951240681891763626
0.009999999979895417279
0.009999973037845121676
 0.01000000000000000021
 0.01000000000000000021
0.009999999999997389449
0.009999983011806396621
 0.01000000000000000021
 0.00962224500300232384
0.009999999736117167956
0.003686259201662468298
0.009998475944364586254
 0.01000000000000000021
0.009999999999999878778
0.009988153591205492163
0.009806885492007678951
0.009999999996262727564
 0.01000000000000000021
 0.01000000000000000021
0.009999884530870223331
0.009995588159095401479
 0.01000000000000000021
 0.01000000000000000021
 0.01000000000000000021
0.009999237699536183549
0.009999999683715770499
0.009997444339650959563
 0.01000000000000000021
0.009623841849536353757
 0.00988036487098387789
 0.01000000000000000194
0.009999999999331292064
0.007536873639911134855
0.009983908672797142322
0.009999999999989796565
 0.01000000000000000021
0.009999999989439593492
0.009953286384119120617
0.009961847310481266801
 0.01000000000000000194
 0.01000000000000000194
0.009999993840336804038
0.009999999999946841342
0.009999999999919453528
0.009986749086879733936
 0.01000000000000000021
0.009999999999999998473
0.009364934542006550858
 0.01000000000000000021
0.009999999999999998473
0.009999969239768246101
0.009292314713364549159
 0.01000000000000000194
0.008835936786847516794
0.007588521674058510379
 0.01000000000000000021
0.009678337131822506434
 0.01000000000000000021
 0.01000000000000000021
0.009937586212007827949
0.009581971674946504827
0.009995241575202769291
 0.01000000000000000021
 0.01000000000000000021
 0.01000000000000000021
 0.01000000000000000021
0.009999999999726552277
0.009999674364972137644
0.009999999866007877256
0.009999999921679049789
 0.01000000000000000021
 0.00992594092070640116
0.009999173297916771203
 0.00999999836339337915
0.009974312182120638817
 0.01000000000000000021
 0.00999999277133790769
0.009999999531476464268
0.009999964141927162806
0.009999999999997460573
 0.01000000000000000021
0.009999999650992012767
0.009954373494151810484
0.009502241876080778915
 0.01000000000000000021
0.009418720033175639536
 0.01000000000000000021
 0.01000000000000000021
 0.01000000000000000021
0.009967133248591051806
0.009999616511862695692
 0.01000000000000000021
0.009999999995803900144
 0.00999998740271558148
0.009999999928472369168
0.009999962760226173072
 0.00999999345315298778
0.009622663510642339227
0.009999999999999993269
 0.01000000000000000021
0.009948659929785410444
0.009999999806031546062
0.009999999999823868529
 0.01000000000000000021
0.009999999999993394381
0.009956609464947117211
0.009590711193277654326
 0.01000000000000000021
0.006961595510464249972
 0.01000000000000000021
0.009968028254747823835
0.009999701985098948323
0.009999999999999948166
0.003942565831763764073
0.009853860507500524987
0.009977884863597418635
0.009998669948207765737
0.009999999770375222682
0.008889434183480912632
0.009999999997327970944
0.009999999998627152192
0.009999999982579898389
 0.01000000000000000021
0.009999999719003772186
 0.00999999999999998633
 0.01000000000000000194
0.009318273189170044393
0.008673763507594474398
  0.0099999999999392606
0.009999999999997167405
0.009999999989413997648
0.009999999999549875895
0.008891195151578230177
0.009999667161096671003
0.009999893503920635404
 0.01000000000000000021
0.009932881229960900324
 0.00969493343764195499
0.009311116680136011237
 0.01000000000000000021
0.005010632172945205139
0.009996133843084261186
0.009999999999999998473
0.009548687225225276076
0.009999999999774036863
0.009999999999999838879
0.009999999999999942962
0.009999302822886180914
0.009998927633637903767
 0.00999997840575512012
0.009999897919689368711
0.009997692235210374478
0.009502843682481231652
0.009999999701819334286
 0.01000000000000000021
0.009995056112174879187
0.009999999998466757925
 0.00998900462610159863
 0.01000000000000000021
 0.01000000000000000021
0.009851926187211151528
 0.01000000000000000021
0.009999999999999075601
0.009999871995293556359
 0.00894850534585269787
 0.01000000000000000021
0.009989717343097684332
0.009999999952304550188
 0.01000000000000000021
 0.01000000000000000021
 0.01000000000000000194
 0.01000000000000000021
 0.01000000000000000194
0.009999730501474714262
0.009999999999999538772
 0.01000000000000000021
 0.01000000000000000021
0.009999995643674543591
 0.01000000000000000021
0.009810561987651936558
0.009968282386773233417
 0.01000000000000000021
0.009456926717637783447
 0.01000000000000000021
 0.01000000000000000021
 0.01000000000000000021
 0.01000000000000000021
0.009999412957288161125
0.009999996119781633108
0.009898511366227966818
0.009999999999999656733
 0.01000000000000000021
0.009983323489336648135
 0.00999930673816806781
0.009999999986455520434
 0.01000000000000000021
 0.01000000000000000021
0.009998277127432260783
 0.01000000000000000021
 0.01000000000000000021
0.009964674845811856072
0.009999999999999998473
0.009852890376827507998
0.009999970705253664882
0.009999999999999998473
0.009987160464900928653
0.009862783928016691237
0.009255561187453955826
0.009732135868939969722
0.009909696125525294108
0.009985556568875859212
0.009999999999999908268
0.009724673002681453668
 0.01000000000000000021
0.009999999931492005792
 0.01000000000000000021
 0.01000000000000000021
 0.01000000000000000021
 0.01000000000000000021
 0.01000000000000000194
0.009999999999999061723
 0.01000000000000000021
