0.009959297550972306609
 0.01000000000000000021
0.009999999993188509601
 0.01000000000000000021
 0.01000000000000000021
0.009998295887448891209
 0.01000000000000000021
 0.00902435396012217679
0.009991687408069934578
0.009857575229490598764
 0.01000000000000000021
 0.01000000000000000021
 0.01000000000000000021
 0.01000000000000000021
0.009999131128081883285
 0.01000000000000000021
0.009999999999999998473
0.009999981513485446671
0.009999343102162902217
0.009999999999999998473
 0.01000000000000000021
 0.01000000000000000021
0.009999679663947576638
 0.01000000000000000021
 0.01000000000000000021
 0.01000000000000000021
0.009787068159689446892
0.007789634177710378672
 0.01000000000000000021
 0.01000000000000000021
0.009946446316822312589
0.009903971346182146446
 0.00999999406188037919
0.009999999999999998473
 0.01000000000000000021
 0.01000000000000000194
0.008809159832253426331
0.009178454623473223523
0.009999999999999958575
 0.01000000000000000021
0.009990608483184218111
0.009769397843965492087
0.009959646249245333524
0.009999999999999757347
0.009999999997088667575
0.009999247981937979882
 0.00999999999989644936
0.009999115215223116498
0.009999999999997170874
 0.01000000000000000021
 0.01000000000000000021
 0.01000000000000000021
0.009996724475836545748
 0.01000000000000000194
0.009999999999513797116
0.009999999999999998473
0.009999973408706296779
0.009999999999999998473
 0.01000000000000000021
0.009999884863822236514
0.008665534850811579953
0.006765534672655795778
0.009995029747788793453
0.009999629627306740737
0.009924828635033083532
0.008718743998239549334
0.009999999999998012215
0.009999990155972988265
 0.01000000000000000021
0.008707254135735378875
0.009999999999999998473
 0.01000000000000000021
0.009999999999865793326
 0.01000000000000000021
 0.01000000000000000368
0.009999999999999693162
0.009999999784841668085
0.009999204237965138298
0.009834382988855597252
0.007396854018813541452
 0.01000000000000000021
0.009999999999996858624
0.009999917632278592858
0.009999999999486003377
 0.01000000000000000194
0.009997791482215417566
 0.01000000000000000021
0.009897677110758245148
0.009999999999995753605
 0.01000000000000000194
0.009089736577245346311
0.009976348463041748507
0.009999999999507477519
0.009999999978716610227
0.009471676179918052732
0.007949029055818809461
0.009999999999999995004
0.009977205398419015936
 0.01000000000000000021
0.009985895643958039511
 0.00999999505820558382
0.009999735277882131415
0.009999984549355626917
0.009999871629011945415
0.009997454224467216752
0.009902205954084355652
 0.01000000000000000194
0.009999938257269530215
0.009999999999999991535
0.009999999999994261743
0.009996155889551480711
 0.01000000000000000021
 0.01000000000000000194
0.009039478915634132847
0.009999999995331593922
  0.0099889322889181488
 0.01000000000000000021
0.009999999999999998473
 0.01000000000000000368
0.009591750656892022997
 0.01000000000000000021
0.009999999999999998473
 0.00999999995588337319
0.006439206536051791767
0.009999999999999998473
 0.00999999999999961163
 0.01000000000000000021
0.009999999975920919465
 0.01000000000000000021
 0.00999814910017229018
 0.01000000000000000021
 0.01000000000000000021
 0.01000000000000000194
0.009999999867925424973
 0.01000000000000000021
0.009912011461524435074
0.009999999999998798045
 0.01000000000000000194
0.009999999999999998473
0.008454835790277191732
0.008588823015756598053
0.009999994642656126129
0.008511481033013083147
0.009987965175588760236
0.009976370248908912608
0.009999999999999998473
 0.01000000000000000021
0.009976821755609863174
0.009999999999999998473
0.009999999999993607752
 0.01000000000000000021
0.009999999989267033609
0.009979691300308674365
0.009999968152626697443
0.009999998982447511758
 0.01000000000000000021
0.007829913873153123566
 0.01000000000000000021
0.009999999962297695388
0.009955983284609427886
0.008397977900800752613
0.009999991928472453176
 0.01000000000000000021
0.008305998892512546708
0.009999999999994509808
0.009996100848324194696
0.009999999999999996739
0.009991637364651546199
0.009999999999999998473
0.009998840855515760823
0.009999858241267849807
0.009999999999874780929
0.009999599192288901456
0.009799021455810047465
0.009999999999999998473
0.009999779460484432142
0.009999969326205702252
 0.01000000000000000021
0.008583809379970422718
0.009939152577540988701
 0.01000000000000000021
0.009687283136391486305
 0.01000000000000000021
0.009998510780449779839
 0.01000000000000000194
0.009999999999999859696
0.009965074504378034978
0.009997931084767888721
0.009977830728914989164
 0.00991844014083162126
0.009999999984006698039
0.009372618921998705777
0.009999999999879398763
0.009999827056867688704
0.009999994285060910537
0.008066160789532787409
0.009999999999999583875
0.009992047972695239019
0.009999999999999998473
0.006994072050796157694
 0.01000000000000000021
 0.01000000000000000021
0.009999999999864913822
0.009869376783561697314
0.009999999999987612548
0.009991293478165604383
0.009997390913440444907
0.009118505400805195296
0.009999999664740310407
0.009988547993002097614
 0.01000000000000000021
 0.01000000000000000021
0.009999998653731745346
 0.01000000000000000021
0.009999777584123983182
0.009531606581214758372
0.009999999999821393079
 0.01000000000000000021
0.009971711816162527608
 0.01000000000000000021
0.009999999999999996739
 0.01000000000000000021
 0.01000000000000000021
0.009997627164370031724
0.008968300709329104364
0.009995456677785934801
0.009589785070317104546
0.005194990493130317855
0.008752666987465042986
0.009998819926237063546
0.009999912151533573573
 0.01000000000000000021
0.007108954043728054825
0.009999999999999998473
 0.01000000000000000021
0.009999964936554266506
 0.01000000000000000021
0.009999999753109667378
0.009960393954366431046
0.009989454502872049599
0.009989042577904592296
0.007129958031931835256
0.009999999999999991535
0.009999998682681558379
0.009313400603920935286
0.009999999998654349187
 0.01000000000000000021
0.009989404779971336121
 0.01000000000000000021
0.009998775646861420008
0.009999999999996558517
0.009998215330175775142
 0.01000000000000000021
0.009999989595781154372
0.009139232440031303667
 0.01000000000000000021
 0.01000000000000000021
 0.00871052880417267153
0.009999999977833065254
 0.01000000000000000021
0.009665905494705900186
 0.01000000000000000021
0.009999996980479184533
0.009999999997470292862
0.009999996547728502022
0.009848668849048102317
0.003878607312023579778
0.009398453754159040094
 0.01000000000000000021
0.009930417044584815417
0.009999999999999849287
 0.01000000000000000021
0.009999999999955334548
 0.00999413072437618441
 0.01000000000000000021
0.009999999999999998473
 0.01000000000000000021
 0.01000000000000000021
0.009999999999999998473
0.009102762592087853058
0.009686187128372009819
0.009999999933811546185
0.009999903450407587185
 0.01000000000000000021
 0.01000000000000000021
0.009999999999990906788
0.009999945263057769679
 0.01000000000000000021
0.007531421097252649459
0.009999998890765027237
0.009534474148919922648
 0.00999581618329542336
 0.01000000000000000194
0.009999999999999590813
0.009944742729947700713
0.005506763478249255758
0.009999999985357797827
0.009999999999999998473
 0.01000000000000000194
0.009999572240415146099
0.009977026633472909495
 0.01000000000000000021
 0.01000000000000000021
 0.01000000000000000021
0.009996031159578058073
0.009999998873885815667
0.009994781982976864293
 0.01000000000000000021
0.005987823741476090353
0.008851832419665169385
 0.01000000000000000194
0.009999999997744129371
0.007558078596255335228
0.009959878803182565729
0.009999999999965720338
 0.01000000000000000194
0.009999999960925088499
0.009756014361363002374
0.009451629295746990719
 0.01000000000000000021
 0.01000000000000000194
0.009999979448971572579
0.009999999999814691842
0.009999999999727180247
0.009916906576609292936
 0.01000000000000000021
0.009999999999999996739
0.009652957420799046853
 0.01000000000000000194
0.009999999999999998473
0.009999907896245835079
0.003612434485294276423
 0.01000000000000000021
0.009373028786981046565
  0.0092223558317589098
 0.01000000000000000021
0.008110018561223468828
 0.01000000000000000021
 0.01000000000000000021
 0.00972484769443752485
0.007664643954028126094
0.009985354139997220518
0.009999999999999998473
 0.01000000000000000021
 0.01000000000000000021
 0.01000000000000000194
0.009999999999048844387
0.009998593502492495594
 0.00999999955624025251
0.009999999705199066544
 0.01000000000000000021
0.009194187776069548401
0.009998455701576928339
0.009999994339227493215
0.009775705492854572243
 0.01000000000000000194
 0.00999997648377314724
0.009999998306479360513
0.009999815876805940792
0.009999999999991453226
 0.01000000000000000021
0.009999998739002792514
0.009638467162889156545
0.007989391094176000532
0.009999999999999998473
0.004492565202105642565
 0.01000000000000000021
 0.01000000000000000021
0.009999999999999998473
0.009738575910819259607
0.009997977840580317063
 0.01000000000000000021
0.009999999985776312009
0.009999965828531387144
0.009999999765953370909
0.009999824918720087025
0.009999977935321228625
 0.00853983355467387642
0.009999999999999982861
 0.01000000000000000021
0.009687709676056937072
0.009999999307299906742
0.009999999999403045431
 0.01000000000000000021
0.009999999999977587581
0.009747800671350193361
0.008859872274671031986
 0.01000000000000000021
0.009032542738340264971
 0.01000000000000000021
0.009949664743187121643
0.009999027067004513658
0.009999999999999821532
0.009610510798352992282
0.009595101246490640376
0.009848794331923777651
0.009997069272898366152
0.009999999202330639089
 0.00815338709043489894
0.009999999991251293588
0.009999999995355939031
0.009999999939786938241
 0.01000000000000000021
0.009999999064338653196
0.009999999999999955105
 0.01000000000000000021
0.005861810667366232006
0.009067473203768208409
0.009999999999794234248
0.009999999999990119223
 0.00999999996312551237
0.009999999998434224921
 0.00553976526061752874
0.009998802192589896498
0.009999582233076348067
 0.01000000000000000021
0.009888398223474856308
0.008239322949723310724
0.005069902713275602039
 0.01000000000000000021
0.008861602801533315088
0.009984708362437453438
 0.01000000000000000021
0.008468475852408615528
0.009999999999239971016
0.009999999999999432954
0.009999999999999805919
0.009996219441586113794
0.009994411647401342524
 0.00999991606250242096
0.009999566921812703957
0.009990913450001219151
0.009366389521382656805
0.009999999034332239176
 0.01000000000000000021
0.009986997725248880978
0.009999999994657476909
0.009960395448365959303
 0.01000000000000000194
0.009999999999999998473
0.008635885819720391654
 0.01000000000000000021
  0.0099999999999967875
0.009999629283454002787
 0.00969349966409450807
 0.01000000000000000194
0.009917143285181801576
0.009999999844091590762
 0.01000000000000000021
 0.01000000000000000021
 0.01000000000000000194
0.009999999999999998473
 0.01000000000000000021
0.009999151639955374676
0.009999999999998402528
0.009999999999999998473
 0.01000000000000000021
0.009999985793734272183
 0.01000000000000000021
0.009296907809182171009
0.009774525660349231079
 0.01000000000000000021
0.003877008975619520865
 0.01000000000000000194
 0.01000000000000000021
 0.01000000000000000021
 0.01000000000000000021
0.009998849940613455806
0.009999985447883261158
0.009813924714754404879
0.009999999999998810188
 0.01000000000000000021
0.009822943141992444491
0.009998080893150063791
0.009999999953387435705
 0.01000000000000000021
 0.01000000000000000021
0.009990524132653553699
 0.01000000000000000194
 0.01000000000000000021
0.009720474610328355344
0.009999999999999998473
0.009853676273646401126
0.009999883797969306293
0.009999999999999998473
0.009954168649830176865
0.009775048259157852887
 0.00678493963534025548
0.008871234461831561252
0.009371969312138970012
 0.00995789611142037373
0.009999999999999689693
0.009265459028366861138
0.009999999999999998473
0.009999999757632820063
 0.01000000000000000021
 0.01000000000000000021
 0.01000000000000000194
 0.01000000000000000021
 0.01000000000000000194
0.009999999999996627906
0.009999999999999998473
