0.009958408127564689905
0.009999999999999998473
0.009999999990529273922
0.009999999999999998473
0.009999999999999998473
0.009998066226039728499
0.009999999999999998473
 0.00946170319208866975
0.009995957721870224813
0.009835681959918527242
0.009999999999999998473
0.009999999999999998473
0.009999999999999998473
0.009999999999999998473
0.009999039771353123232
0.009999999999999998473
0.009999999999999996739
0.009999974838969485913
0.009999072247173784386
0.009999999999999998473
0.009999999999999998473
0.009999999999999998473
0.009999642649052276761
0.009999999999999998473
0.009999999999999998473
0.009999999999999998473
0.009829406848486854295
0.007824551309454622419
0.009999999999999998473
0.009999999999999998473
0.009924003758986886178
0.009949849445247342661
 0.00999999208197145488
0.009999999999999998473
 0.01000000000000000021
 0.01000000000000000194
0.009819825800778747907
0.007121914790662435719
0.009999999999999941228
0.009999999999999998473
0.009983800269482936973
0.009675454665619250688
0.009949423953799050799
0.009999999999999661937
0.009999999995951962262
0.009998926463214818927
0.009999999999858247279
0.009998757468640730867
0.009999999999996091876
0.009999999999999998473
0.009999999999999998473
0.009999999999999998473
0.009998848411084860013
 0.01000000000000000194
0.009999999999339257914
0.009999999999999998473
0.009999966427255719409
0.009999999999999998473
 0.01000000000000000021
0.009999858473456291891
0.009899633730117027297
0.006585271298708552865
0.009993487276840715833
0.009999563838592255907
0.009821655528139214969
0.008385783724806909756
0.009999999999997311387
0.009999987205875348131
0.009999999999999998473
0.009467179717060779723
0.009999999999999998473
0.009999999999999998473
0.009999999999817170762
0.009999999999999998473
 0.01000000000000000194
0.009999999999999575201
0.009999999693469763251
0.009998882914543049533
0.009744798184820444367
0.008988980971646893733
0.009999999999999998473
0.009999999999995769218
0.009999888078786859161
0.009999999999293983366
 0.01000000000000000021
 0.00999692438605900846
0.009999999999999998473
0.009836886804464251705
0.009999999999994119496
 0.01000000000000000194
0.009381820211724383601
0.009979639474876027608
0.009999999999318255617
0.009999999971541363719
 0.00947294098821574275
0.009800988835960181347
0.009999999999999988065
 0.00996958624155146883
0.009999999999999998473
0.009981720723909895052
0.009999993077932894936
 0.00999958708052434489
0.009999979846297184227
0.009999889110119144359
0.009997349255926763281
0.009963949809997811602
0.009999999999999998473
0.009999917798063829091
0.009999999999999984596
0.009999999999992195687
0.009992042647582447326
0.009999999999999998473
 0.01000000000000000194
0.008226549890109459764
 0.00999999999370857276
0.009986964698883438185
0.009999999999999998473
0.009999999999999998473
 0.01000000000000000021
0.006990997570692863289
0.009999999999999998473
0.009999999999999998473
0.009999999939642708127
0.009503089094317736935
0.009999999999999998473
0.009999999999999465913
0.009999999999999998473
0.009999999966792280648
0.009999999999999998473
0.009998061412710432597
 0.01000000000000000021
0.009999999999999998473
 0.01000000000000000194
0.009999999835605228107
0.009999999999999998473
0.009819646919075634625
0.009999999999998347017
 0.01000000000000000021
0.009999999999999998473
0.008154179441154756069
0.009712047887440379557
0.009999993063007138125
0.009179890172027476911
 0.00998040130428713354
0.009987098273412655172
0.009999999999999998473
0.009999999999999998473
0.009972696068752994261
0.009999999999999998473
0.009999999999991186078
0.009999999999999998473
 0.00999999998507965053
0.009985137962747612367
0.009999956696988610005
 0.00999999860624692892
0.009999999999999998473
0.009473724304617662031
0.009999999999999998473
 0.00999999994735187997
0.009974098395645903878
0.008372861044628246083
0.009999988500630751717
0.009999999999999998473
0.007089584754336910981
0.009999999999992396915
0.009995942826107245827
0.009999999999999991535
0.009997198263597977322
0.009999999999999998473
0.009998620624346072835
0.009999825775843806247
0.009999999999830195066
0.009999787408591894258
0.008903446422388775622
0.009999999999999996739
0.009999685003688491697
0.009999957985708256628
0.009999999999999998473
0.007075097462461933141
0.009933903915687368816
0.009999999999999998473
0.007829438942102470017
0.009999999999999998473
0.009998705367533437804
 0.01000000000000000194
0.009999999999999805919
0.009955051326196831182
0.009998151810763401121
0.009978938648264342945
0.009972958580759520852
0.009999999978108643425
0.008280809848399024731
0.009999999999834969025
 0.00999972134069640993
0.009999992129726241116
0.008742040546381840346
0.009999999999999431219
0.009991423608781422119
0.009999999999999998473
0.008691585667268247536
0.009999999999999998473
0.009999999999999998473
0.009999999999810275236
0.009839619443209473432
0.009999999999982890631
0.009994257857520401356
0.009996083684149118659
0.006867272866866309423
0.009999999526024332466
0.009992655172124744606
0.009999999999999998473
0.009999999999999998473
0.009999998273723491315
0.009999999999999998473
 0.00999975807466185751
0.008960328271985177478
0.009999999999756172681
0.009999999999999998473
0.009949805243410374256
0.009999999999999998473
0.009999999999999996739
0.009999999999999998473
0.009999999999999996739
 0.00999680569791885909
 0.00741116450422243684
0.009996209011530419672
0.008777696763480167738
0.009334627876121191076
 0.00979123907310720451
 0.00999807011349599685
0.009999884803429524849
0.009999999999999998473
0.009370086637887279149
0.009999999999999998473
0.009999999999999998473
0.009999959404134544511
0.009999999999999998473
0.009999999675265710403
0.009959135147838251226
0.009978266706737341785
0.009977933821246596363
0.009044391561642597596
0.009999999999999988065
0.009999998181195408897
0.009051396603436541802
0.009999999998152084291
0.009999999999999998473
0.009988192213449133272
 0.01000000000000000021
0.009998287662054003433
0.009999999999995264413
0.009999037602809273534
 0.01000000000000000021
0.009999985317389678205
0.009760910303519651499
0.009999999999999998473
0.009999999999999998473
0.008025709792558004263
0.009999999970731235713
 0.01000000000000000021
0.009800601527992029369
0.009999999999999998473
0.009999996193891380961
0.009999999996539105443
0.009999995429052386739
0.009865904702776297219
0.007349175635597937455
0.008475928818769080941
0.009999999999999998473
0.009939901989492929552
0.009999999999999795511
0.009999999999999998473
0.009999999999939834794
0.009990395974461847156
0.009999999999999998473
0.009999999999999998473
0.009999999999999998473
0.009999999999999998473
0.009999999999999996739
0.009141337071414068483
0.009375834953245437003
0.009999999907016877271
0.009999868826127999641
0.009999999999999998473
0.009999999999999998473
0.009999999999987709692
0.009999923485288175068
0.009999999999999998473
0.008992911320190349195
0.009999998730484859627
0.005465593600171993194
0.009995813201156635713
 0.01000000000000000021
0.009999999999999432954
 0.00993953298639756351
0.008953486345536294105
0.009999999982006681568
0.009999999999999998473
 0.01000000000000000021
0.009999432828819744545
0.009972961953917260092
0.009999999999999998473
0.009999999999999998473
0.009999999999999998473
0.009996786426140684065
0.009999998507280071641
0.009991923395319755874
0.009999999999999998473
0.009886619374889205752
0.009524576598123925264
 0.01000000000000000194
0.009999999996878653277
0.009525158024828440234
0.009889501537453453464
0.009999999999952447968
 0.01000000000000000021
0.009999999949681736763
0.009669081070881034926
0.008901154229984052299
0.009999999999999998473
 0.01000000000000000021
0.009999971587986083293
 0.00999999999974971257
0.009999999999623579092
 0.00989271786212742206
0.009999999999999998473
0.009999999999999993269
0.009338326537269863239
 0.01000000000000000021
0.009999999999999996739
0.009999862615307492444
 0.00649892750231561081
 0.01000000000000000021
0.009753406520293829776
0.009141675827586064063
0.009999999999999998473
0.009884374642323315655
0.009999999999999998473
0.009999999999999998473
0.009671072994993114985
0.009738454823939809296
0.009987675438858832633
0.009999999999999996739
0.009999999999999998473
0.009999999999999998473
 0.01000000000000000021
0.009999999998710106669
0.009998386466532411393
0.009999999368054584073
0.009999999625638373441
0.009999999999999998473
0.009606985412472707209
0.009997614742220542125
0.009999992217619222204
0.009764558174584304917
 0.01000000000000000021
0.009999967286547999101
0.009999997773677070378
0.009999824729387540856
 0.00999999999998816419
0.009999999999999998473
 0.00999999836227901534
0.009626711311081484826
0.008047164388345200495
0.009999999999999998473
0.006070332791763095523
0.009999999999999998473
0.009999999999999998473
0.009999999999999996739
0.009501760176626367765
0.009997946729414343772
0.009999999999999998473
0.009999999980427016349
0.009999947200994554683
0.009999999669597215216
0.009999819110541071157
0.009999969065133640714
0.009247613260467692567
0.009999999999999974187
0.009999999999999998473
0.009324602520725760665
 0.00999999907600897589
0.009999999999178336291
0.009999999999999996739
0.009999999999969153355
0.009149074094681198741
0.008350442635137808253
0.009999999999999998473
 0.00972066633430690441
0.009999999999999998473
0.009917521619368190738
0.009998791501466501933
0.009999999999999752143
0.007761667482010035056
0.008934607182396228989
0.009894425252509893298
0.009994381213316484366
0.009999998904419476337
0.009709839154551277648
0.009999999987654700079
0.009999999993614736363
0.009999999918676664989
0.009999999999999996739
0.009999998702455301786
0.009999999999999936023
 0.01000000000000000021
0.009805611277203495069
0.008474578597388050458
0.009999999999716709456
0.009999999999986668858
0.009999999950499631127
0.009999999997882251523
0.009119472118682102335
0.009998516452862326459
0.009999518227984878146
0.009999999999999998473
 0.00967861358007294191
0.008363185334045510413
0.006933052024382354087
0.009999999999999998473
0.009604911269339542687
0.009986561201510596106
0.009999999999999996739
0.006748149582379649875
0.009999999998946075899
 0.00999999999999923346
0.009999999999999731326
0.009996343069112538157
0.009996083679810729636
0.009999895366342333169
0.009999503854432210612
0.009990175415031705627
 0.00939458425002836009
0.009999998623146894722
0.009999999999999998473
 0.00999267364703358002
0.009999999992763091219
0.009943144449690367523
 0.01000000000000000021
0.009999999999999996739
0.009440271288919633089
0.009999999999999998473
0.009999999999995654726
0.009999435136174780747
0.006951451361948674142
 0.01000000000000000021
0.009922247241665982723
0.009999999779752348494
0.009999999999999998473
0.009999999999999998473
 0.01000000000000000021
0.009999999999999998473
 0.01000000000000000021
0.009998877434043504028
0.009999999999997830069
0.009999999999999998473
0.009999999999999998473
0.009999979953080835593
0.009999999999999998473
0.008135947927383379435
0.009824422445866783787
0.009999999999999998473
0.004441081589316675689
0.009999999999999998473
0.009999999999999998473
0.009999999999999998473
0.009999999999999998473
0.009998173327041113764
0.009999981391287944554
0.009786363575142766058
0.009999999999998385181
0.009999999999999998473
0.009768074559475576832
0.009997419636725950187
0.009999999936239362813
0.009999999999999998473
 0.01000000000000000021
0.009991043965248845929
 0.01000000000000000021
0.009999999999999998473
0.009755876029762524174
0.009999999999999998473
0.009764646319082059475
0.009999857290112266692
0.009999999999999998473
0.009953435133278159402
0.009773259141606002384
0.009616339576295348038
0.009843038391865720563
0.009208031024488366398
 0.00991411304812736191
0.009999999999999573466
0.009770629773465910536
0.009999999999999998473
0.009999999676137096699
0.009999999999999998473
0.009999999999999998473
 0.01000000000000000021
0.009999999999999998473
 0.01000000000000000194
0.009999999999995554112
0.009999999999999996739
