0.009958819543797582316
0.009999999999999998473
0.009999999991243744071
0.009999999999999998473
0.009999999999999998473
0.009998334682996982969
0.009999999999999998473
0.009271738718855867048
0.009996036207240472857
0.009831165912781131277
0.009999999999999998473
0.009999999999999998473
0.009999999999999998473
0.009999999999999998473
0.009999136557087310792
0.009999999999999998473
0.009999999999999996739
0.009999976905876209812
0.009999114113582315347
0.009999999999999998473
0.009999999999999998473
0.009999999999999998473
0.009999663454079153399
0.009999999999999998473
0.009999999999999998473
0.009999999999999998473
0.009828199613465175496
0.007772558861398765409
0.009999999999999998473
0.009999999999999998473
 0.00992712797675133693
0.009950808154942758499
0.009999992715896129786
0.009999999999999998473
 0.01000000000000000021
 0.01000000000000000194
0.009820725270651538275
0.007586191038993230461
0.009999999999999946432
 0.01000000000000000021
0.009986794223865639794
0.009644878413246264423
0.009952512965059280917
0.009999999999999687958
0.009999999996257332574
0.009999009514400808082
0.009999999999869255835
0.009998880189791220854
0.009999999999996391983
0.009999999999999998473
0.009999999999999998473
0.009999999999999998473
0.009998907552331149154
 0.01000000000000000194
0.009999999999390591851
0.009999999999999998473
0.009999969405748501683
0.009999999999999998473
0.009999999999999998473
0.009999872110237291445
0.009771225610162109776
0.006938186285136751716
0.009994116404736632167
0.009999598447976959514
0.009861329603336941446
0.006689936931113827159
0.009999999999997521288
0.009999988240135633186
0.009999999999999998473
0.009734549084937940688
0.009999999999999998473
0.009999999999999998473
0.009999999999831324371
0.009999999999999998473
 0.01000000000000000194
0.009999999999999608161
 0.00999999971620581761
  0.0099989822393865644
 0.00978737413036937301
0.009000688564167176262
0.009999999999999998473
0.009999999999996098815
0.009999895914635946806
0.009999999999348429397
 0.01000000000000000021
0.009997120367754620124
0.009999999999999998473
0.009842979121587321772
0.009999999999994567054
 0.01000000000000000194
0.009094151921216190107
0.009981247154716561126
0.009999999999370184564
0.009999999973785742013
0.009617068330146635174
0.009643847221036153453
  0.0099999999999999898
0.009969572515632442455
0.009999999999999998473
0.009981392178203303198
0.009999993605499862478
0.009999611941322442132
0.009999981580383725255
0.009999899432541229857
0.009997541037505405445
0.009971932042910299637
0.009999999999999998473
0.009999921969364366711
 0.00999999999999998633
0.009999999999992801106
0.009992172195581700694
0.009999999999999998473
 0.01000000000000000194
0.008320817822040773443
0.009999999994203950804
0.009988933600886748532
0.009999999999999998473
0.009999999999999998473
 0.01000000000000000021
0.006021226895884539479
0.009999999999999998473
0.009999999999999998473
0.009999999944343980485
0.009556298342493246833
0.009999999999999998473
0.009999999999999507547
0.009999999999999998473
0.009999999969224768886
0.009999999999999998473
0.009998143283779686516
0.009999999999999998473
0.009999999999999998473
 0.01000000000000000194
0.009999999849155019604
0.009999999999999998473
0.009811453117571582172
0.009999999999998475386
 0.01000000000000000021
0.009999999999999998473
0.008614974417694069506
0.009628894410094072237
0.009999993607366265344
0.008652727250481313456
0.009983413780095375459
0.009987170735268759147
0.009999999999999998473
0.009999999999999996739
0.009972506307831236969
0.009999999999999998473
0.009999999999991859151
0.009999999999999998473
0.009999999986205720254
0.009984334858183343056
0.009999960300030877325
0.009999998711338298554
0.009999999999999998473
0.006124323050408452679
0.009999999999999998473
0.009999999951195251771
0.009971912970297595186
0.008431512637807512048
0.009999989359946035578
0.009999999999999998473
0.008730585892304815882
0.009999999999992976313
0.009996310891587999181
0.009999999999999991535
 0.00999709461068292414
0.009999999999999998473
0.009998730248076830723
0.009999840534272866691
0.009999999999843359882
0.009999804342172756433
0.008843303060267072857
0.009999999999999998473
0.009999706906047555258
0.009999961141927686537
0.009999999999999998473
0.005080422372289315064
0.009943309381796602148
0.009999999999999998473
0.007863735634059919322
0.009999999999999998473
 0.00999868124543324549
 0.01000000000000000194
0.009999999999999819797
0.009956472308180338085
0.009998000881946727397
0.009981327058375755526
0.009977047750357291231
0.009999999979778637429
0.008518274497515179386
0.009999999999847802509
0.009999737678645724548
0.009999992711958656175
0.008876997801642375063
0.009999999999999476322
0.009991812031197694691
0.009999999999999998473
0.008413833611710707164
0.009999999999999998473
0.009999999999999998473
0.009999999999824487826
 0.00983279552905116927
0.009999999999984200347
0.009994826824749869151
0.009996333188675017925
0.007943137378823681913
0.009999999560981872801
 0.00999148612193624143
0.009999999999999998473
0.009999999999999998473
0.009999998414670764266
0.009999999999999998473
0.009999778942680611488
0.008963529739062054205
0.009999999999775055146
0.009999999999999998473
0.009952275790471937916
0.009999999999999998473
0.009999999999999996739
0.009999999999999998473
0.009999999999999996739
0.009997098485173395652
0.005219785935295060374
0.009996499694113545123
0.007716226512818406304
0.008902800050860781508
0.009644575429532092903
0.009998087067991852719
0.009999893185302109744
0.009999999999999998473
0.009498055243363360753
0.009999999999999998473
0.009999999999999998473
0.009999962860385392532
0.009999999999999998473
0.009999999701213530684
0.009958150214517277887
0.009981451046270432489
0.009980555833051952402
0.006164899307891196639
0.009999999999999988065
0.009999998322326430697
0.009813781450706746817
0.009999999998295075812
0.009999999999999998473
 0.00998847497840159998
 0.01000000000000000021
0.009998332477180533334
0.009999999999995628705
0.009999003621539588257
 0.01000000000000000021
 0.00999998647054030354
0.009659895521761954762
0.009999999999999998473
0.009999999999999998473
0.007710057018250953027
0.009999999973052359908
 0.01000000000000000021
0.009879773367227590031
0.009999999999999998473
0.009999996510379003528
0.009999999996808447283
0.009999995790814892108
   0.009885441447047583
0.007718178797730308044
0.009429710514646777453
0.009999999999999998473
0.009953522924963580792
0.009999999999999811123
0.009999999999999998473
0.009999999999944546303
0.009991219836976251295
0.009999999999999998473
0.009999999999999998473
0.009999999999999998473
0.009999999999999998473
0.009999999999999995004
0.008988709392002870377
0.009361720522952933152
0.009999999913968864867
0.009999879796585665198
0.009999999999999998473
0.009999999999999998473
0.009999999999988668994
0.009999929062778259437
0.009999999999999998473
0.008572503569181655347
0.009999998836983242656
0.008845343295736461664
0.009995738815432846786
 0.01000000000000000021
0.009999999999999476322
0.009944358873201697077
 0.00774621851847453937
 0.00999999998350118921
0.009999999999999998473
 0.01000000000000000021
0.009999483118138917034
0.009975209125798280285
0.009999999999999998473
0.009999999999999998473
0.009999999999999998473
0.009997009864963117901
0.009999998625018043791
0.009992229770470406267
0.009999999999999998473
0.009818383964416151077
 0.00947803658906870225
 0.01000000000000000194
0.009999999997117085815
0.009660746207681729023
0.009889682524753192622
0.009999999999956066601
0.009999999999999998473
0.009999999953746107131
0.009696337555690142523
0.009175101773290044588
0.009999999999999998473
0.009999999999999998473
 0.00999997371431653008
0.009999999999769264639
0.009999999999652422339
 0.00989777187712419064
0.009999999999999998473
0.009999999999999993269
0.009882910284103476814
0.009999999999999998473
0.009999999999999996739
0.009999872119750702337
0.006882522722581269417
 0.01000000000000000021
0.009020424740091284241
0.009854197228915074699
0.009999999999999998473
0.009664643350947117392
0.009999999999999998473
0.009999999999999998473
0.009629452782824395735
0.008978712982169911178
 0.00998728773179584188
0.009999999999999996739
0.009999999999999996739
0.009999999999999998473
0.009999999999999998473
0.009999999998811267068
0.009998527492748056009
0.009999999417365651455
0.009999999656140680718
0.009999999999999998473
 0.00972200366022698062
0.009997550152382600475
 0.00999999283411579995
0.009788430863794704909
 0.01000000000000000021
0.009999969676631050713
0.009999997951652720221
0.009999840578174429631
0.009999999999989066246
0.009999999999999998473
0.009999998490776739954
0.009492025346777973813
0.007819657754397387264
0.009999999999999998473
0.006256875004606227142
0.009999999999999998473
0.009999999999999998473
0.009999999999999996739
0.009582996000333868225
0.009998239609692904581
0.009999999999999996739
0.009999999981923237899
0.009999950164182558679
0.009999999694199967343
0.009999835186582702734
0.009999971492767411804
0.009672454601929090373
0.009999999999999975922
0.009999999999999998473
0.009487482563072033651
0.009999999150212390137
0.009999999999241122872
0.009999999999999998473
0.009999999999971514314
0.009041886932444816519
0.007986164810595859989
0.009999999999999998473
0.009019552972627872464
0.009999999999999998473
0.009902830398196952461
 0.00999888157086427018
 0.00999999999999976949
0.009732331908239383322
0.009329894857941533823
0.009902123485376120027
0.009994596879962267671
0.009999998991730530556
0.009208744394350612539
0.009999999988574443527
0.009999999994099513512
0.009999999924930334447
0.009999999999999998473
0.009999998799659546439
0.009999999999999941228
 0.01000000000000000021
0.009545103245367671588
0.008657006498032056643
0.009999999999738346662
0.009999999999987709692
0.009999999954324134341
0.009999999998047412811
0.008437669470526137222
0.009998624971061612424
0.009999555268328777849
0.009999999999999998473
0.009805254117662145011
0.008140768180351327238
0.006734213412628863547
0.009999999999999998473
0.008657157518893470252
0.009987319278005619971
0.009999999999999996739
0.007243576286678413481
0.009999999999026419617
0.009999999999999294176
0.009999999999999750408
0.009996703623031026956
0.009996241960645829705
0.009999904136283028697
0.009999547391689822193
0.009990795254718238053
0.009837836302831842045
  0.0099999987251681733
0.009999999999999998473
0.009993439747174447108
0.009999999993331488979
0.009949500451778224216
 0.01000000000000000021
0.009999999999999996739
0.009563489014985902814
0.009999999999999998473
0.009999999999995994732
0.009999473122253400154
0.007847163711242772025
 0.01000000000000000021
0.009929857438822025859
0.009999999796139557792
0.009999999999999998473
0.009999999999999998473
 0.01000000000000000021
0.009999999999999996739
 0.01000000000000000021
 0.00999894900565214545
0.009999999999997996603
0.009999999999999996739
0.009999999999999998473
0.009999981436977058505
0.009999999999999998473
0.008184495529130888375
0.009832840323376749667
0.009999999999999998473
  0.0043600498953004687
0.009999999999999998473
0.009999999999999998473
0.009999999999999998473
0.009999999999999998473
0.009998285521879477986
0.009999982914257873542
0.009772018372341378586
0.009999999999998510081
0.009999999999999998473
0.009777732026494576414
0.009997557605565395369
 0.00999999994120691002
0.009999999999999998473
 0.01000000000000000021
0.009991882854015504689
 0.01000000000000000021
0.009999999999999998473
0.009728792312077062104
0.009999999999999996739
0.009717050209100458816
0.009999869404484173357
0.009999999999999998473
0.009947972519904887609
0.009900859040603730149
 0.00889939390383630638
0.009906623309298439109
0.008926266039281366763
0.009916221363932433905
0.009999999999999606426
0.009677736708325460069
0.009999999999999996739
0.009999999701696106469
0.009999999999999998473
0.009999999999999998473
 0.01000000000000000021
0.009999999999999998473
 0.01000000000000000194
0.009999999999995907995
0.009999999999999996739
