0.009951148495058821999
 0.01000000000000000021
0.009999999989743661027
 0.01000000000000000021
 0.01000000000000000021
0.009997603500416764322
 0.01000000000000000021
0.009595624632135221418
0.009995716394858878209
0.009779506207396353873
 0.01000000000000000021
 0.01000000000000000021
 0.01000000000000000021
 0.01000000000000000194
0.009998903885525435922
 0.01000000000000000021
0.009999999999999998473
0.009999972462650136285
0.009999037244129285046
 0.01000000000000000021
 0.01000000000000000021
 0.01000000000000000021
0.009999618061402775274
 0.01000000000000000021
 0.01000000000000000194
0.009999999999999998473
0.009782485064130177349
0.008147897449637923548
 0.01000000000000000021
 0.01000000000000000021
 0.00992184504264713614
0.009938453100591670281
0.009999991361950960264
0.009999999999999998473
 0.01000000000000000194
 0.01000000000000000021
0.009739162188006711754
0.007456804548140695196
0.009999999999999939493
 0.01000000000000000021
0.009980610907900056353
0.009691805275903367378
0.009944147757067024057
0.009999999999999635916
0.009999999995616192655
0.009998828093237878759
 0.00999999999984594462
0.009998618483603984031
0.009999999999995758809
 0.01000000000000000021
 0.01000000000000000021
 0.01000000000000000021
0.009998761417543853766
 0.01000000000000000021
0.009999999999281750096
0.009999999999999998473
0.009999962793183459278
0.009999999999999998473
 0.01000000000000000021
0.009999841044826252717
0.009634183481067912225
0.008408527501840561136
0.009992633016233910814
0.009999521274303074109
0.009770875399379387247
 0.00973695060597829995
0.009999999999997077199
0.009999986011426634583
 0.01000000000000000021
0.008927854189628398746
0.009999999999999998473
 0.01000000000000000021
 0.00999999999980134488
0.009999999999999998473
 0.01000000000000000368
0.009999999999999540506
0.009999999668875981379
0.009998769845102317352
0.009730098136469732609
0.006637476918269852311
 0.01000000000000000021
0.009999999999995397987
0.009999879669837665949
0.009999999999233403353
 0.01000000000000000194
0.009996719652934912131
 0.01000000000000000021
0.009836912904436017138
0.009999999999993626834
 0.01000000000000000194
0.009198587793372415763
0.009976618062369683668
0.009999999999260883107
 0.00999999996899924963
0.006814829067249342058
0.009449845505265881337
0.009999999999999991535
0.009970667613589025841
 0.01000000000000000021
0.009982387081480555494
 0.00999999249580062026
0.009999563952834354327
0.009999977769431542957
0.009999875153997582131
0.009997100839391082766
0.009960889255250678781
 0.01000000000000000194
 0.00999991413631061421
 0.00999999999999998633
 0.00999999999999152088
0.009992253023371646184
 0.01000000000000000021
 0.01000000000000000194
0.008151466450276730405
0.009999999993148859026
 0.00998240395701284304
 0.01000000000000000021
0.009999999999999998473
 0.01000000000000000194
0.008957376788702552453
 0.01000000000000000021
0.009999999999999998473
0.009999999934381120087
0.008923068492383830902
0.009999999999999998473
0.009999999999999420811
 0.01000000000000000021
0.009999999964148346965
 0.01000000000000000021
0.009997963084630152181
 0.01000000000000000021
 0.01000000000000000021
 0.01000000000000000194
0.009999999819669334877
 0.01000000000000000021
0.009797086295203783282
0.009999999999998208239
 0.01000000000000000194
 0.01000000000000000021
0.007819650468767142329
0.009212842418513856116
0.009999992439651897436
0.008219299176472044666
0.009976994568446003256
0.009986865026186304145
0.009999999999999998473
 0.01000000000000000021
0.009972126962366894068
0.009999999999999998473
0.009999999999990440147
 0.01000000000000000021
0.009999999983841195011
0.009982466307861563234
0.009999952533549332639
0.009999998489893692846
 0.01000000000000000021
 0.00956205138727352251
 0.01000000000000000021
0.009999999943196781829
0.009972138597097744694
0.008408085877144694589
0.009999987566395428934
 0.01000000000000000021
0.007614054113452418775
0.009999999999991758537
0.009995467792640605129
0.009999999999999993269
 0.00999712859946507576
0.009999999999999998473
0.009998502180014474938
0.009999808174880791059
0.009999999999815451651
0.009999762741899528504
0.008867968313712892847
 0.01000000000000000021
  0.0099996618322496858
0.009999954487329758279
 0.01000000000000000021
0.009080174495319030467
0.009931916995691153494
 0.01000000000000000021
0.007902420428904087871
 0.01000000000000000021
0.009998741583823154977
 0.01000000000000000194
0.009999999999999788572
0.009950693554570988128
0.009998357391526813825
0.009970969980814601077
0.009967008724832634309
0.009999999976255495582
0.007145344694847321695
0.009999999999820615923
0.009999706876687979723
0.009999991490221619983
0.008735102566442215846
0.009999999999999384381
0.009992543709427077411
0.009999999999999998473
0.009185454958115159274
 0.01000000000000000021
 0.01000000000000000021
0.009999999999794761604
0.009835332695747664791
0.009999999999981442136
0.009993148135990007758
 0.00999583687378638279
0.009012758594413514124
0.009999999488212923948
0.009992744216889594411
 0.01000000000000000021
 0.01000000000000000021
0.009999998109825077378
 0.01000000000000000021
0.009999731984642355048
0.008459458352150332761
0.009999999999735087117
 0.01000000000000000021
0.009948071219670000243
 0.01000000000000000021
0.009999999999999998473
 0.01000000000000000021
 0.01000000000000000021
0.009996419666908024776
0.008712681308254983936
0.009995716616645514141
 0.00703396037368861967
0.008149341471017488084
0.009885923455145665534
0.009998117871896259126
0.009999875516554221355
 0.01000000000000000021
0.009480429558955642474
0.009999999999999998473
 0.01000000000000000021
0.009999955189969954306
 0.01000000000000000021
0.009999999645569645351
0.009960969139672025754
0.009979090833141765135
0.009979102705184829045
0.009195103986023448264
  0.0099999999999999898
0.009999998023512422438
0.009484185128108909776
 0.00999999999799265453
 0.01000000000000000021
0.009987908146096078146
 0.01000000000000000021
0.009998274025212316313
0.009999999999994860223
0.009999078692218325848
 0.01000000000000000021
0.009999984023167707292
0.009682092417268325577
 0.01000000000000000021
 0.01000000000000000021
 0.00861204978974918281
0.009999999968086752122
 0.01000000000000000021
0.009688794715515793021
 0.01000000000000000021
0.009999995821971091256
 0.00999999999623775275
0.009999995016509584736
0.009767126365298587493
0.005829708914897209493
0.009410822808362350259
 0.01000000000000000021
0.009945998541238976545
0.009999999999999778164
 0.01000000000000000021
0.009999999999934524805
0.009989185383647096114
 0.01000000000000000021
0.009999999999999998473
 0.01000000000000000021
 0.01000000000000000021
0.009999999999999996739
0.007850638373377497384
0.009340653051007813401
0.009999999899434197995
0.009999856114148521907
 0.01000000000000000021
 0.01000000000000000021
0.009999999999986634164
0.009999917386896605559
 0.01000000000000000021
0.007393552785711458852
0.009999998601810965171
0.009427432884298911353
0.009995945542681260176
 0.01000000000000000194
0.009999999999999386116
0.009936190206272940695
0.009230940040030184007
0.009999999980238158739
0.009999999999999998473
 0.01000000000000000194
 0.00999936982590563482
0.009967865507839533679
0.009999999999999998473
 0.01000000000000000021
 0.01000000000000000021
0.009996396610670808466
0.009999998373438290233
0.009992393970830928257
 0.01000000000000000021
0.009795115035291495492
0.009425316803226864784
 0.01000000000000000021
0.009999999996614879899
 0.00985499763958250577
0.009895381940498373594
0.009999999999948454635
 0.01000000000000000194
0.009999999944982211272
0.009596549680089733886
0.008897347663568790088
 0.01000000000000000021
 0.01000000000000000194
0.009999969248966802948
0.009999999999727721481
0.009999999999591599464
0.009894111658709426119
 0.01000000000000000021
0.009999999999999995004
0.008932616919955444282
 0.01000000000000000021
0.009999999999999998473
0.009999852898061588682
0.006027849365492280592
 0.01000000000000000021
0.004963400505560606156
0.007719940633608532617
 0.01000000000000000021
0.009521664401728672025
 0.01000000000000000021
 0.01000000000000000021
0.009766818142761323623
0.007129886402138851942
 0.00998836031823865933
0.009999999999999998473
 0.01000000000000000021
 0.01000000000000000021
 0.01000000000000000194
0.009999999998596196052
 0.00999820944119273608
0.009999999312964118897
0.009999999590110844605
 0.01000000000000000021
0.009564165802881803916
0.009997778596413936167
0.009999991527195502272
 0.00976507238543904664
 0.01000000000000000021
0.009999964680779694845
0.009999997569926056054
0.009999803855012003723
0.009999999999987171928
 0.01000000000000000021
0.009999998215311101807
0.009631650885536373677
0.008018460267794302182
 0.01000000000000000021
0.005832857260267843187
 0.01000000000000000021
 0.01000000000000000021
0.009999999999999998473
0.009424313781563350631
0.009997436263060356654
 0.01000000000000000021
0.009999999978767753345
0.009999944554282203663
0.009999999642864998081
0.009999798431640205196
0.009999966338136602809
0.008735030580993246099
0.009999999999999974187
 0.01000000000000000021
0.009325528463896870165
 0.00999999899117698203
0.009999999999108730511
 0.01000000000000000021
0.009999999999966535658
0.009349433331416521706
0.009571865926554224552
 0.01000000000000000021
0.009624536302698570578
 0.01000000000000000021
0.009915531580965870895
 0.00999869159517907842
0.009999999999999731326
0.008512425913361021043
 0.00905765306162359049
0.009872635269990253509
0.009994316388539769419
0.009999998806516465985
0.007804888292192639285
0.009999999986654980674
0.009999999993078663441
0.009999999911679552031
 0.01000000000000000021
0.009999998595652934488
0.009999999999999932554
 0.01000000000000000021
0.009572778472986095272
0.008010945367821119267
0.009999999999692728639
0.009999999999985499655
0.009999999946203300474
0.009999999997696658663
0.009069611209745118835
 0.00999839040274572502
0.009999472948779071502
 0.01000000000000000021
0.009767450042702942314
0.008321074170244977322
0.006721553694032428652
 0.01000000000000000021
0.009885041275160412477
0.009983934947989363956
 0.01000000000000000021
0.009353796943474840947
0.009999999998857330916
0.009999999999999167541
0.009999999999999708775
0.009995867053056810975
 0.00999567415361794602
0.009999884996664713116
0.009999449660796562098
0.009989594512055686992
0.005593275048422829097
0.009999998512865234182
 0.01000000000000000021
0.009992722769171166752
0.009999999992122414472
0.009937039791542477338
 0.01000000000000000194
0.009999999999999998473
0.008533258736904931335
 0.01000000000000000021
0.009999999999995274821
0.009999397284328189611
0.009538388015572408021
 0.01000000000000000194
0.009912859804338850292
0.009999999761957423239
 0.01000000000000000021
 0.01000000000000000021
 0.01000000000000000194
0.009999999999999998473
 0.01000000000000000021
 0.00999880017644642384
0.009999999999997642719
0.009999999999999998473
 0.01000000000000000021
0.009999978342690769503
 0.01000000000000000021
0.008075836722878829144
0.009827854916742062921
 0.01000000000000000021
0.005556891167771716225
 0.01000000000000000194
 0.01000000000000000021
 0.01000000000000000021
 0.01000000000000000021
0.009998101108572233359
0.009999979617215423722
 0.00974409638545400969
0.009999999999998246403
 0.01000000000000000021
0.009699201232767415762
 0.00999728465886673065
0.009999999930678767426
 0.01000000000000000021
 0.01000000000000000021
0.009989937508616429304
 0.01000000000000000194
 0.01000000000000000194
0.009808262885014039367
0.009999999999999998473
 0.00973234363944823315
0.009999842835107221328
 0.01000000000000000021
0.009962750409123874787
0.009334064976843652398
0.007896540999197594959
0.009824618226729191217
 0.00937459566571131192
 0.00992740580553745991
0.009999999999999538772
0.009697799051361767272
0.009999999999999998473
0.009999999647174099768
 0.01000000000000000021
 0.01000000000000000021
 0.01000000000000000194
 0.01000000000000000021
 0.01000000000000000021
0.009999999999995155125
0.009999999999999998473
