0.009960307644333518673
 0.01000000000000000021
0.009999999990037471143
 0.01000000000000000021
 0.01000000000000000021
0.009997010332710097938
 0.01000000000000000021
0.009015626423352384941
0.009995153622566454663
0.009902352207524315122
 0.01000000000000000021
 0.01000000000000000021
 0.01000000000000000021
 0.01000000000000000021
0.009998733017640239196
 0.01000000000000000021
0.009999999999999998473
0.009999972700689349625
0.009999033089438391642
0.009999999999999998473
 0.01000000000000000021
 0.01000000000000000021
0.009999583764749903417
 0.01000000000000000021
 0.01000000000000000194
 0.01000000000000000021
0.009565833817371241152
0.007818470169427729766
 0.01000000000000000021
 0.01000000000000000021
0.009926203489549072917
0.009925970962607099171
0.009999991425354924635
0.009999999999999998473
 0.01000000000000000021
 0.01000000000000000021
0.009268122971149581057
0.007884671797767802554
0.009999999999999939493
 0.01000000000000000021
0.009987118794741968106
0.009320106439399428178
0.009908875378623406213
0.009999999999999646325
0.009999999995741836942
0.009998838354200503473
0.009999999999848917936
0.009998695762035035919
0.009999999999995861158
 0.01000000000000000021
 0.01000000000000000021
 0.01000000000000000021
0.009998193708079087388
 0.01000000000000000194
0.009999999999293428254
 0.01000000000000000021
 0.00999996146338565442
0.009999999999999998473
 0.01000000000000000021
0.009999831094090269254
0.008901482101212495474
0.008062388114804091774
0.009991962697761470197
0.009999492486570404209
0.009800398714480735088
0.009615988610214029272
0.009999999999997117098
0.009999985909377919618
0.009999999999999998473
0.008783906497594279328
0.009999999999999998473
 0.01000000000000000194
0.009999999999804847287
0.009999999999999998473
 0.01000000000000000194
0.009999999999999550915
0.009999999682252479205
0.009998809994199433712
0.009871495313652504239
0.007582378964474487983
 0.01000000000000000021
0.009999999999995451763
0.009999882969992211421
0.009999999999250053229
 0.01000000000000000194
0.009996825778447101032
 0.01000000000000000021
0.009909983501481856721
0.009999999999993793368
 0.01000000000000000021
0.008389075163837146284
0.009973137625980808829
0.009999999999280152416
0.009999999969237853906
0.006510909893503562425
0.007791307461036966336
0.009999999999999991535
0.009981596219253428479
 0.01000000000000000021
 0.00998862936412245675
0.009999992721036474533
0.009999599574038493463
0.009999977382177916221
 0.00999984821787260926
 0.00999682923385110736
0.009901843097076094141
 0.01000000000000000194
0.009999918971833094902
 0.00999999999999998633
0.009999999999991659658
0.009994685189167224967
 0.01000000000000000021
 0.01000000000000000194
0.007559269388393034285
0.009999999993224702871
0.009974690408869635663
 0.01000000000000000021
0.009999999999999998473
 0.01000000000000000194
0.008849376571685510506
 0.01000000000000000021
0.009999999999999998473
0.009999999935612192623
0.009139828013575093321
0.009999999999999998473
0.009999999999999434688
 0.01000000000000000021
0.009999999965189219214
 0.01000000000000000021
0.009997434135047221157
 0.01000000000000000021
 0.01000000000000000021
 0.01000000000000000021
0.009999999814604362131
 0.01000000000000000021
0.009814275809191700534
0.009999999999998244668
 0.01000000000000000194
 0.01000000000000000021
0.008796310293720745535
0.008558182183207557747
 0.00999999239437619411
0.009266432232320048409
0.009980253057335415623
0.009990076956582267034
0.009999999999999998473
0.009999999999999998473
0.009980450689580320014
0.009999999999999998473
0.009999999999990669131
 0.01000000000000000021
0.009999999984302331349
 0.00998832057335358181
0.009999952846229669123
0.009999998522165529091
 0.01000000000000000021
0.009703486832624702574
 0.01000000000000000021
0.009999999945149547903
0.009974621842360788249
0.008941858577901678345
0.009999988040703084585
 0.01000000000000000021
0.008967539767279852567
0.009999999999991973643
 0.00999489255433882659
0.009999999999999993269
0.009996664403788015768
 0.01000000000000000021
0.009998565926079228117
0.009999800932281871155
0.009999999999818310475
0.009999656142933381273
0.008778118220745432035
 0.01000000000000000021
0.009999676819358420399
0.009999955577564834108
 0.01000000000000000021
0.008822847126360984157
0.009896665497004073983
 0.01000000000000000021
0.009211656178486503713
 0.01000000000000000194
0.009998560235838440877
 0.01000000000000000194
0.009999999999999795511
0.009932016497457944737
0.009998569404083595263
0.009951020148718082645
0.009913480429229650642
0.009999999976757319858
 0.00801255087387191603
 0.00999999999982402292
0.009999740534229403788
0.009999991703500665449
0.008655105717548631367
0.009999999999999396524
0.009988352631102271825
0.009999999999999998473
0.008252546803877136225
 0.01000000000000000021
 0.01000000000000000021
0.009999999999801775091
0.009888461593609246258
0.009999999999981898369
0.009989519799533103442
0.009996151480438131981
0.009440134725007019029
0.009999999507797948523
0.009992327698861352969
 0.01000000000000000021
 0.01000000000000000021
0.009999998082360891938
 0.01000000000000000021
0.009999709448091002525
0.009004649463242786131
 0.00999999999974002414
 0.01000000000000000021
0.009961969354352761749
 0.01000000000000000194
0.009999999999999998473
 0.01000000000000000021
0.009999999999999998473
 0.00999624521358496998
0.009506573426134862573
0.009995362173980486958
0.008080953757160931269
0.005238958449249879641
0.009776012437557102253
0.009998532535747653785
0.009999876472479079723
 0.01000000000000000021
0.009237583485867154401
0.009999999999999998473
 0.01000000000000000021
0.009999952585892877069
 0.01000000000000000021
0.009999999645375470814
 0.00995193801455655086
0.009985874349992193699
0.009985878417830261825
0.009582277904715472833
  0.0099999999999999898
0.009999998067221118822
 0.00898433056822819584
0.009999999998034929741
 0.01000000000000000021
0.009988581244270251444
 0.01000000000000000021
0.009998226388448652399
0.009999999999994974714
0.009998907831474314334
 0.01000000000000000021
0.009999984512827365599
0.009628187489366297341
 0.01000000000000000021
 0.01000000000000000021
0.008621866085976863381
0.009999999968152307322
 0.01000000000000000021
0.009509070210410603546
 0.01000000000000000021
 0.00999999572195616783
0.009999999996308584979
0.009999995031963348005
0.009564987079313818155
0.004887001241952656887
0.008126172305943198809
 0.01000000000000000021
0.009916493278589618571
0.009999999999999781633
 0.01000000000000000021
0.009999999999935284614
0.009989932814017795856
 0.01000000000000000021
0.009999999999999998473
 0.01000000000000000021
 0.01000000000000000021
0.009999999999999996739
0.008748957688641532601
0.009629503675043940211
 0.00999999990288615026
0.009999856911907684456
 0.01000000000000000021
 0.01000000000000000021
0.009999999999986811106
0.009999919826954374244
 0.01000000000000000021
0.008397947810973107469
0.009999998509318083761
0.008319956596251381481
 0.00999498251053202065
 0.01000000000000000021
0.009999999999999399994
0.009966150287611191816
0.009565953677905882774
0.009999999979553305524
0.009999999999999998473
 0.01000000000000000194
0.009999352919591465022
0.009966727549785238047
0.009999999999999998473
 0.01000000000000000021
 0.01000000000000000021
0.009996169414765070441
0.009999998379769637138
0.009991320040275154454
 0.01000000000000000021
0.009709594530739910564
0.009353796319830876352
 0.01000000000000000194
0.009999999996701426988
0.009748344984208118583
0.009949650934955997159
0.009999999999949847618
 0.01000000000000000194
0.009999999944386311207
0.009088654530690036884
0.009246285574622134518
 0.01000000000000000021
 0.01000000000000000021
0.009999970055314708062
0.009999999999731274195
0.009999999999601435346
0.009907730735735047548
 0.01000000000000000021
0.009999999999999995004
  0.0080174137168333489
 0.01000000000000000194
0.009999999999999998473
0.009999863494008375334
 0.00409657028942702825
 0.01000000000000000021
0.007132723704162033905
0.006774871013121457931
 0.01000000000000000021
0.008886162049969137736
0.009999999999999998473
 0.01000000000000000021
0.009699457726289597778
0.004155904323072483024
0.009988692757795982619
0.009999999999999996739
 0.01000000000000000021
 0.01000000000000000194
 0.01000000000000000194
 0.00999999999861606384
0.009998089339491587554
0.009999999337382202771
0.009999999582759476827
 0.01000000000000000021
0.009253070419924970189
0.009998316445440779895
0.009999991708102968363
0.009883194367576486269
 0.01000000000000000021
0.009999965798386687907
0.009999997567910146046
0.009999772284276165629
0.009999999999987508464
 0.01000000000000000021
0.009999998207046457629
0.009790279301142680926
0.008775460678013814048
0.009999999999999998473
0.005780281698257462228
 0.01000000000000000021
 0.01000000000000000021
0.009999999999999998473
0.009556610454515933675
0.009996630404295037825
 0.01000000000000000021
0.009999999979260168481
0.009999950019359150205
0.009999999656076579216
0.009999774943516268055
0.009999967298864922624
0.007987028399044138194
0.009999999999999974187
 0.01000000000000000021
0.009710714513781356499
 0.00999999899548025678
0.009999999999129450048
 0.01000000000000000021
 0.00999999999996730761
0.009660333659870731088
0.009631485791384735914
 0.01000000000000000021
0.009741587263169364241
 0.01000000000000000021
 0.00991260537058086949
0.009998688797278021748
0.009999999999999738265
0.003464997496402280434
0.009559322893954710909
0.009820260815490674047
0.009995625922609432598
0.009999998831657912202
0.007246824509925501798
 0.00999999998714554833
0.009999999993241606017
0.009999999912981914763
 0.01000000000000000021
0.009999998634515359919
0.009999999999999932554
 0.01000000000000000021
0.009588902454060483499
0.009032006011622500247
0.009999999999699915598
0.009999999999985683535
0.009999999946827195507
0.009999999997728444001
0.009513173445531373715
0.009998370955917101899
0.009999445110598883385
 0.01000000000000000021
 0.00988311552615933793
0.007879845624526328127
0.005548195462855558258
 0.01000000000000000021
0.009881018440241053774
0.009973838476287784013
 0.01000000000000000021
0.009036437524522201309
0.009999999998887837763
0.009999999999999177949
0.009999999999999715714
  0.0099951729010100826
0.009995513740633763661
0.009999881580028810099
0.009999407704849742895
0.009989136988348228802
0.004126869963046110763
0.009999998573556986153
 0.01000000000000000021
0.009983351257493970274
0.009999999992228777307
0.009953417400906659426
 0.01000000000000000194
0.009999999999999998473
 0.00774680929280207372
 0.01000000000000000021
0.009999999999995339006
0.009999448533802036618
 0.00873038389870041398
 0.01000000000000000194
0.009907613409950603856
0.009999999770854157283
 0.01000000000000000021
 0.01000000000000000021
 0.01000000000000000194
0.009999999999999998473
 0.01000000000000000021
 0.00999880545158287129
0.009999999999997680883
0.009999999999999998473
 0.01000000000000000021
0.009999979141384568102
 0.01000000000000000021
0.009025313678402790626
0.009829560549159836735
 0.01000000000000000021
0.004819532669586473576
 0.01000000000000000194
 0.01000000000000000021
 0.01000000000000000021
 0.01000000000000000021
0.009998396054953251691
0.009999979290675392596
0.009785852413681739304
0.009999999999998274158
 0.01000000000000000021
0.009736258438079490457
0.009997339667306827035
 0.00999999993197139142
 0.01000000000000000021
 0.01000000000000000194
0.009988201734385106917
 0.01000000000000000194
 0.01000000000000000021
0.009813202863279813989
0.009999999999999998473
0.009771809210924074438
0.009999836827129890415
 0.01000000000000000021
0.009951680482979364042
0.008634566873304803242
0.008923781578994470845
0.009719266372124909723
0.009375300141384695224
0.009951804231406955956
 0.00999999999999954918
0.009475706634786985536
0.009999999999999998473
0.009999999649764584886
 0.01000000000000000021
 0.01000000000000000021
 0.01000000000000000194
 0.01000000000000000021
 0.01000000000000000194
 0.00999999999999516033
0.009999999999999998473
