0.009948411495569863677
 0.01000000000000000021
0.009999999994276810925
 0.01000000000000000021
 0.01000000000000000021
0.009998615138120770657
 0.01000000000000000021
0.009324877147152348111
0.009990739035961633194
0.009827345179828502267
 0.01000000000000000021
 0.01000000000000000021
 0.01000000000000000021
 0.01000000000000000021
0.009999278498266494369
 0.01000000000000000021
0.009999999999999998473
0.009999984528142664975
0.009999440513907408012
 0.01000000000000000021
 0.01000000000000000021
 0.01000000000000000021
0.009999727602065350621
 0.01000000000000000021
 0.01000000000000000021
 0.01000000000000000021
 0.00982402060567388706
0.009286351968179975408
 0.01000000000000000021
 0.01000000000000000021
0.009955932084923575787
 0.00990934531068230276
0.009999995001519972754
0.009999999999999998473
 0.01000000000000000021
 0.01000000000000000194
0.009195402363791446709
0.009480847232354309984
0.009999999999999965514
 0.01000000000000000194
0.009991376633418022624
 0.00987439339543165831
0.009971760487874351681
0.009999999999999797246
0.009999999997553825001
 0.00999937302472428749
0.009999999999912974336
0.009999255407446274932
0.009999999999997623637
 0.01000000000000000021
 0.01000000000000000021
 0.01000000000000000021
0.009996493310062174245
 0.01000000000000000194
0.009999999999591025271
 0.01000000000000000021
0.009999977665691283518
0.009999999999999998473
0.009999999999999998473
0.009999903639658051444
0.008500824196319721471
 0.00718070082238973003
 0.00999597901603038394
   0.009999683721666177
0.009916961498799734334
0.007560790331587949331
0.009999999999998327935
0.009999991702986210651
 0.01000000000000000021
0.008835646273953957561
0.009999999999999998473
 0.01000000000000000021
0.009999999999887116547
 0.01000000000000000021
 0.01000000000000000368
0.009999999999999741734
  0.0099999998195607568
0.009999334025355979816
0.009918254949269907084
0.008695590668849173532
 0.01000000000000000021
 0.00999999999999735649
 0.00999993030283406574
0.009999999999567967326
 0.01000000000000000194
0.009998141271608473879
 0.01000000000000000021
0.009893246068285852304
0.009999999999996430147
 0.01000000000000000194
0.009264113632984368948
0.009978350875486917751
0.009999999999586121208
0.009999999982078379424
0.009543311425106873816
0.009086666091868762785
0.009999999999999995004
0.009980836095831781621
 0.01000000000000000021
0.009988788559424395877
0.009999995854569194292
 0.00999977790285883246
 0.00999998704104138221
0.009999886719115209585
0.009997790037370944335
0.009918281888449620443
 0.01000000000000000021
  0.0099999463235396404
0.009999999999999991535
0.009999999999995170738
0.009996685336581694753
 0.01000000000000000021
 0.01000000000000000194
0.008952708543932831262
0.009999999996072695546
0.009990767438832526964
 0.01000000000000000021
0.009999999999999998473
 0.01000000000000000368
0.009661967111670319297
 0.01000000000000000021
 0.01000000000000000021
0.009999999962928609112
0.009399762847775921387
0.009999999999999998473
 0.00999999999999967408
 0.01000000000000000021
0.009999999979698706576
 0.01000000000000000021
0.009998415219494415779
0.009999999999999998473
 0.01000000000000000021
 0.01000000000000000194
0.009999999888084643018
 0.01000000000000000021
0.009930821512303454265
0.009999999999998988864
 0.01000000000000000194
0.009999999999999998473
0.009476107416207442749
0.008464816506244914052
0.009999995470829973337
0.008392178884911172254
0.009989609181796477166
0.009970600728284621447
0.009999999999999998473
0.009999999999999998473
0.009982827858161414866
0.009999999999999998473
0.009999999999994626035
 0.01000000000000000021
0.009999999990981851133
 0.00997090702850175585
0.009999973370791958444
 0.00999999914385458176
 0.01000000000000000021
0.007462940112415383798
 0.01000000000000000021
0.009999999968260184571
0.009952290138398897298
0.008617863826829530102
 0.00999999323754603188
 0.01000000000000000021
  0.0079888324593413787
0.009999999999995385844
0.009996640997617092447
0.009999999999999995004
0.009990167723136848463
0.009999999999999998473
0.009999007442492413231
0.009999879963810727121
  0.0099999999998946279
0.009999618913664281433
0.009885997888057641847
 0.01000000000000000021
0.009999814874308897081
0.009999974110550839332
 0.01000000000000000021
0.009092381879277052284
0.009948528767532978032
 0.01000000000000000021
0.009668991434187354517
 0.01000000000000000021
0.009998760396540724502
 0.01000000000000000194
0.009999999999999882247
0.009974513859900726101
0.009997849319882127356
0.009981777246635192141
0.009939498794683266844
 0.00999999998654368949
0.009367871353040855067
0.009999999999898650724
0.009999854987706122481
0.009999995189850629379
0.007908094027464467393
0.009999999999999651529
0.009992857051109482053
0.009999999999999998473
0.008991371880406317033
 0.01000000000000000021
 0.01000000000000000021
0.009999999999886551028
0.009867037902578515776
0.009999999999989590133
0.009992191375850287618
0.009997810350347803923
0.008580714726567987768
0.009999999718434069915
0.009987084648952532576
0.009999999999999998473
 0.01000000000000000021
0.009999998863128588961
 0.01000000000000000021
0.009999807380128669307
0.009714668396783029264
 0.00999999999984980438
 0.01000000000000000021
0.009975350629410644279
 0.01000000000000000021
0.009999999999999996739
 0.01000000000000000021
 0.01000000000000000021
0.009998056718351766917
0.008585443323353231238
0.009995557688417313139
0.009530739287701558635
0.008415861762010182559
0.007114739432666670853
0.009998966535540783351
0.009999925536079158281
0.009999999999999998473
0.009533318570620194152
0.009999999999999998473
 0.01000000000000000021
0.009999969943277918494
 0.01000000000000000021
0.009999999791821976777
0.009967413940825722504
0.009989356750252097877
0.009988800201407094931
0.007636128279954359881
0.009999999999999993269
0.009999998894263411112
0.009286823973029724108
 0.00999999999886925714
 0.01000000000000000021
 0.00999050074817951772
 0.01000000000000000021
0.009998939530959774502
0.009999999999997106689
0.009998097636610997485
 0.01000000000000000021
0.009999991291714060634
0.009165145356237081042
 0.01000000000000000021
 0.01000000000000000021
0.009604819633862117859
0.009999999981306828198
 0.01000000000000000021
0.009624552510477160303
 0.01000000000000000021
0.009999997447933409167
0.009999999997874165977
0.009999997088619084346
0.009860894382581357476
 0.00373955231599139553
0.009768100052262548502
 0.01000000000000000021
0.009930303298211064916
0.009999999999999873573
 0.01000000000000000021
0.009999999999962407016
0.009995169133788443794
 0.01000000000000000021
0.009999999999999998473
 0.01000000000000000021
 0.01000000000000000021
0.009999999999999998473
0.009427106497013632708
0.009614428348336779076
0.009999999944413133501
 0.00999991928835217668
 0.01000000000000000021
 0.01000000000000000021
0.009999999999992348343
 0.00999995396602542698
 0.01000000000000000021
0.008966168573029084307
0.009999999050292966707
0.009408901344843042039
0.009996627644229358345
 0.01000000000000000194
0.009999999999999656733
0.009929892436458392924
0.008824048881002653777
 0.00999999998757925869
0.009999999999999998473
 0.01000000000000000194
0.009999643169271588833
0.009979767173167319524
 0.01000000000000000021
 0.01000000000000000021
 0.01000000000000000021
0.009996043903202763911
0.009999999050649967594
0.009995358461435444736
 0.01000000000000000021
0.007829495553939982977
0.008556882071586124211
 0.01000000000000000194
0.009999999998104629195
0.006504205973277963314
0.009963179536233879308
0.009999999999971198594
 0.01000000000000000021
0.009999999966984477601
 0.00985524376963318148
0.009566206060536652789
0.009999999999999998473
 0.01000000000000000021
0.009999982719411021348
0.009999999999844057241
0.009999999999770739154
  0.0099245787584920208
 0.01000000000000000021
0.009999999999999996739
0.009730860167129954871
 0.01000000000000000021
 0.01000000000000000021
0.009999922654582368842
0.003732011060282688919
 0.01000000000000000021
0.009339909199216815325
0.009809838554613889081
 0.01000000000000000021
0.008347977750288256352
 0.01000000000000000021
 0.01000000000000000021
0.009758434804592795025
0.008113271025680639931
 0.00998829778433467895
0.009999999999999998473
0.009999999999999998473
 0.01000000000000000021
 0.01000000000000000021
0.009999999999200238909
0.009998796779968207107
0.009999999628706226704
0.009999999750624424463
 0.01000000000000000021
0.009337522639437101368
0.009998607457596944345
0.009999995246441231375
0.009842276692954669837
 0.01000000000000000194
0.009999980187632947701
0.009999998571979125048
0.009999838974324081961
0.009999999999992818453
 0.01000000000000000021
0.009999998934290450087
0.009638082458800408328
0.008735832371613417788
 0.01000000000000000021
0.004685434798680078276
 0.01000000000000000021
 0.01000000000000000021
0.009999999999999998473
0.009736504723553082025
0.009998360977837730465
 0.01000000000000000021
0.009999999988041180857
0.009999971177161918676
0.009999999803486146407
0.009999848055376518025
0.009999981510298690257
0.008732147107858669044
 0.00999999999999998633
 0.01000000000000000021
0.009676717579062783445
 0.00999999941732333808
0.009999999999498144707
 0.01000000000000000021
0.009999999999981159376
0.009766017648474352442
0.009302395561772846752
 0.01000000000000000021
0.008448370940342607785
 0.01000000000000000021
0.009957992047623202836
0.009999145916578067866
0.009999999999999849287
0.009842209322749134043
0.009678112811016298389
0.009863253871046317317
0.009997524238387409459
0.009999999330147779641
0.008888737158415017936
0.009999999992654147116
0.009999999996093574678
 0.00999999994927857315
 0.01000000000000000021
0.009999999213480211674
0.009999999999999962044
 0.01000000000000000021
0.008542311334948732293
0.009452907417884853433
0.009999999999827013583
0.009999999999991682209
0.009999999968925199489
0.009999999998682444768
0.008812140588811523401
0.009998977154420140775
0.009999641923513285027
 0.01000000000000000021
0.009873215362864985745
0.008568511944895046764
0.004683405138248677123
 0.01000000000000000021
0.006400634554868520586
0.009988095838405751728
 0.01000000000000000021
0.009332376310837282862
 0.00999999999936151962
0.009999999999999523159
0.009999999999999837144
0.009996734228801464062
0.009994032227097163906
0.009999928990602429887
0.009999630159016214062
0.009991501476521424605
0.009657718396136027658
0.009999999190186181774
 0.01000000000000000021
0.009989327183962178058
0.009999999995507651007
0.009963839977523673494
 0.01000000000000000194
0.009999999999999998473
0.007994090011313924327
 0.01000000000000000021
0.009999999999997297509
0.009999688699020839108
0.009708096041967670051
 0.01000000000000000194
0.009924788118805760728
0.009999999869097572422
 0.01000000000000000021
 0.01000000000000000021
 0.01000000000000000194
0.009999999999999998473
 0.01000000000000000021
0.009999283416642901906
0.009999999999998655797
0.009999999999999998473
 0.01000000000000000194
0.009999988070600873691
 0.01000000000000000021
0.009572697380216146565
0.009800294925889505016
 0.01000000000000000021
0.003640268963814686804
 0.01000000000000000021
 0.01000000000000000021
 0.01000000000000000021
 0.01000000000000000021
0.009998950879911970915
0.009999987709030306801
0.009843803122045987827
0.009999999999998999273
 0.01000000000000000021
0.009853494255159285162
0.009998366290536747289
0.009999999960831252102
 0.01000000000000000021
 0.01000000000000000021
0.009991724039716085026
 0.01000000000000000194
 0.01000000000000000194
0.009761126905305573739
0.009999999999999998473
0.009903957695124950347
 0.00999990161078947136
0.009999999999999998473
0.009964749618555654789
 0.00975944125015025532
0.006877881513090564579
0.009255151068980546625
 0.00948071260665421349
0.009960085599844575519
0.009999999999999738265
0.009452419310305933825
0.009999999999999998473
0.009999999795907876798
 0.01000000000000000021
 0.01000000000000000021
 0.01000000000000000194
 0.01000000000000000021
 0.01000000000000000194
0.009999999999997156996
0.009999999999999998473
