0.009965130776746339986
 0.01000000000000000021
0.009999999997345857677
 0.01000000000000000021
 0.01000000000000000021
0.009999403448637939756
 0.01000000000000000021
0.009893433407451562162
0.009993257479052587711
0.009934339379031384767
 0.01000000000000000021
 0.01000000000000000021
 0.01000000000000000021
 0.01000000000000000021
 0.00999967698203072311
 0.01000000000000000021
 0.01000000000000000021
0.009999992882800004187
0.009999724895579455847
 0.01000000000000000021
0.009999999999999998473
 0.01000000000000000021
0.009999872318326932449
 0.01000000000000000021
 0.01000000000000000021
 0.01000000000000000021
0.009941462144692358657
0.009438615767062742343
 0.01000000000000000021
 0.01000000000000000194
0.009981731390128246312
0.009967971871269994469
0.009999997678066143217
0.009999999999999998473
 0.01000000000000000021
 0.01000000000000000194
0.009870058935057390154
0.009764089622610437266
0.009999999999999984596
 0.01000000000000000021
0.009996758183088849323
0.009946289818687359743
0.009988347127248078244
0.009999999999999904798
 0.00999999999886558473
0.009999711777786071329
0.009999999999959631458
0.009999655318240993976
0.009999999999998898659
 0.01000000000000000021
 0.01000000000000000021
 0.01000000000000000021
0.009997605279976798376
 0.01000000000000000194
0.009999999999809985538
 0.01000000000000000021
 0.00999998966559000925
 0.01000000000000000021
0.009999999999999998473
 0.00999995571770377796
0.008923257106480916509
0.009522165220633763832
 0.00999821748503385184
0.009999848772300945834
0.009972036114393116601
0.006507332307649610868
0.009999999999999223052
0.009999996138610281818
 0.01000000000000000021
0.009846732887915212243
 0.01000000000000000021
 0.01000000000000000021
0.009999999999947552579
 0.01000000000000000021
 0.01000000000000000194
0.009999999999999880512
0.009999999916588109966
 0.00999969280818495225
0.009970999924555745686
0.005236761175563479052
 0.01000000000000000021
0.009999999999998770289
0.009999967326536884568
0.009999999999799521685
 0.01000000000000000194
 0.00999913815569982399
 0.01000000000000000021
0.009952199950169207318
0.009999999999998345282
 0.01000000000000000194
0.009904712218713827843
 0.00998789070528794537
0.009999999999808020096
0.009999999991658098386
0.008300104000175955593
0.009734420677716872777
0.009999999999999998473
0.009991595321970157817
 0.01000000000000000021
0.009994697926671675461
0.009999998083017522937
0.009999896232591898304
0.009999994014578699256
0.009999942760217071097
0.009998941021515519306
0.009964276593306373858
 0.01000000000000000021
0.009999973454640445625
0.009999999999999996739
0.009999999999997757211
0.009998426680404621028
 0.01000000000000000021
 0.01000000000000000194
0.009553432908160006121
0.009999999998175149174
0.009996215490514151134
 0.01000000000000000021
0.009999999999999998473
 0.01000000000000000194
0.009755817549739706843
 0.01000000000000000021
 0.01000000000000000021
0.009999999982808267796
0.006240670643857641059
0.009999999999999998473
0.009999999999999847553
 0.01000000000000000021
0.009999999990521060006
 0.01000000000000000021
0.009999220028702736005
 0.01000000000000000021
 0.01000000000000000021
 0.01000000000000000194
0.009999999947316031909
 0.01000000000000000021
0.009967086584761373005
0.009999999999999531833
 0.01000000000000000021
 0.01000000000000000021
0.009719591840279548714
0.009380879790604219198
0.009999997877774318561
0.009799572966708660487
0.009995310516701699094
0.009978609092366910391
0.009999999999999998473
0.009999999999999998473
0.009991866495579284496
 0.01000000000000000021
0.009999999999997505676
 0.01000000000000000021
0.009999999995817774462
 0.00997860664753524168
0.009999987773156478188
0.009999999602030101853
 0.01000000000000000021
0.007649651785229883219
 0.01000000000000000021
0.009999999985221174476
0.009972611593829346088
0.008262019281744878083
0.009999996879213208026
 0.01000000000000000021
0.008861689739378243377
0.009999999999997857825
0.009998365227023089941
0.009999999999999998473
0.009992659222715166711
0.009999999999999998473
0.009999544624023483028
0.009999943581041705054
0.009999999999951004678
0.009999783447181076826
0.009965915892470459184
 0.01000000000000000021
0.009999914456891504169
0.009999987852609797112
 0.01000000000000000021
0.009605282008853723019
  0.0099793458160017251
 0.01000000000000000021
0.009837875482982183159
 0.01000000000000000021
0.009999516495810052696
 0.01000000000000000194
0.009999999999999944697
0.009990025223559483025
0.009998611400300682489
0.009993298101533177116
0.009982904858875712648
0.009999999993744429494
0.007566998418132310153
0.009999999999952992671
 0.00999993288662286671
0.009999997762003422219
0.009733334262756342461
0.009999999999999838879
0.009996288378298204269
 0.01000000000000000021
0.008752421150740716596
 0.01000000000000000021
 0.01000000000000000021
0.009999999999947425944
0.009946581176011456624
0.009999999999995172473
0.009996130799604062422
0.009998990562108461475
0.009296190503202664615
0.009999999869497795679
0.009991893002802450935
0.009999999999999998473
 0.01000000000000000021
0.009999999468204998077
 0.01000000000000000021
0.009999905245055989295
0.009491466586774362224
0.009999999999930250447
 0.01000000000000000021
0.009989257461962757628
 0.01000000000000000021
 0.01000000000000000021
 0.01000000000000000021
 0.01000000000000000021
0.009999132804677769715
0.009173958524194633299
0.009997307902629131576
0.006824782312094888719
0.009878760535555686922
0.008665334758257222866
0.009999491300035814878
0.009999964993407082364
0.009999999999999998473
 0.00658052195005684893
0.009999999999999998473
 0.01000000000000000021
 0.00999998552294298175
 0.01000000000000000021
 0.00999999990286466571
0.009985383251276036889
0.009990899370223968803
0.009990014034768169432
 0.00962513066244176374
0.009999999999999996739
0.009999999488176035053
0.009439102000692615665
0.009999999999475593301
0.009999999999999998473
0.009995488061476539426
 0.01000000000000000194
0.009999449664613231301
0.009999999999998659267
0.009998721737853414129
0.009999999999999998473
0.009999995987841899664
0.009774633270781788938
 0.01000000000000000021
 0.01000000000000000021
0.009947957246725203095
0.009999999991274450412
 0.01000000000000000194
0.009643802674475657546
 0.01000000000000000021
0.009999998804714445647
0.009999999999014054508
0.009999998639987031646
0.009954807790709768039
0.004080558543457009184
0.009548367774432851493
 0.01000000000000000021
0.009958608341300580549
0.009999999999999941228
 0.01000000000000000021
0.009999999999982514196
0.009997802491215150231
 0.01000000000000000021
0.009999999999999998473
 0.01000000000000000021
 0.01000000000000000021
0.009999999999999998473
0.004684652191155087506
0.009820647264764514189
0.009999999974239975886
0.009999962940724744023
 0.01000000000000000021
 0.01000000000000000021
0.009999999999996440556
0.009999978510606305146
 0.01000000000000000021
0.007598051425849163855
0.009999999544429908141
0.009224751906641766655
0.009998760485580912918
 0.01000000000000000194
0.009999999999999840614
0.009946547409695019257
0.009255218265791320328
0.009999999994141844234
 0.01000000000000000021
 0.01000000000000000021
0.009999836768825647038
0.009989379648270587872
 0.01000000000000000021
 0.01000000000000000021
 0.01000000000000000021
0.009997512902883701896
0.009999999557107768638
0.009997627567843593577
 0.01000000000000000021
0.007711696763622868586
0.009488709054345727256
 0.01000000000000000194
0.009999999999121083477
 0.00724283039166978386
0.009984134413147834064
0.009999999999986644572
 0.01000000000000000194
0.009999999984536224115
0.009920475392940740489
0.009834644226154046903
 0.01000000000000000021
 0.01000000000000000021
0.009999991975820538698
0.009999999999927490502
0.009999999999893656455
0.009951737820373382504
 0.01000000000000000021
 0.01000000000000000021
 0.00970936534611577598
 0.01000000000000000021
0.009999999999999998473
0.009999964200636677486
0.003267205047048886944
 0.01000000000000000194
0.009338659009620206564
0.008538474132330409541
0.009999999999999998473
0.007717239777015741549
 0.01000000000000000021
0.009999999999999998473
0.009926678926091683786
0.009504542226668839452
0.009996982519119927343
 0.01000000000000000021
 0.01000000000000000021
 0.01000000000000000021
 0.01000000000000000021
0.009999999999628698261
0.009999423563700817266
0.009999999828998145171
0.009999999882958831784
 0.01000000000000000021
0.009763021622638215491
0.009999278036623489296
0.009999997798347523559
0.009947769041300142528
 0.01000000000000000021
0.009999990748873784432
0.009999999333654410391
0.009999919762877229612
0.009999999999996669539
 0.01000000000000000021
0.009999999500917747253
0.009888911621116696499
0.009476809315432070321
 0.01000000000000000021
0.004233270203163271711
 0.01000000000000000021
0.009999999999999998473
 0.01000000000000000021
0.009933234231022066915
0.009999306411512245626
 0.01000000000000000021
0.009999999994447218016
0.009999986513220529213
0.009999999908963103437
0.009999925119442214586
0.009999991462260625352
0.008745713284676237889
0.009999999999999991535
 0.01000000000000000021
0.009884040156174002736
0.009999999729341436938
 0.00999999999976703205
 0.01000000000000000021
0.009999999999991253732
0.009852724736287420126
0.008527549033542190446
 0.01000000000000000021
0.009739842974866110004
 0.01000000000000000021
0.009982823207218244344
0.009999551413929344545
0.009999999999999930819
0.009543451570709144544
0.009895548196741888944
0.009938603883137796247
0.009998846524932679392
0.009999999689769773284
0.005678008529600647204
0.009999999996596868265
0.009999999998184717909
0.009999999976375344157
 0.01000000000000000021
0.009999999634974963969
0.009999999999999981126
 0.01000000000000000194
0.008643835494543601269
0.009911801472377079758
0.009999999999919698124
 0.00999999999999613004
0.009999999985516158998
0.009999999999387425981
0.009415561225352947483
0.009999517616431032388
0.009999830283766818553
 0.01000000000000000021
0.009907760449834813327
0.009707804804278571259
 0.00531390034504581818
 0.01000000000000000021
0.008952046744559235408
0.009995794674635183341
 0.01000000000000000021
0.008396688472699143091
0.009999999999703997403
0.009999999999999779898
 0.00999999999999992388
0.009998407014727048528
0.009995779000334400685
0.009999966681262519377
0.009999822427754158707
0.009994457616865145763
0.008238604752893369243
 0.00999999962565888828
 0.01000000000000000021
 0.00999565655014266613
0.009999999997914220742
0.009989152787816700171
 0.01000000000000000194
0.009999999999999998473
0.008731522030653632652
 0.01000000000000000021
0.009999999999998742534
0.009999855988354436689
0.009309731850597580127
 0.01000000000000000194
0.009957093203015151758
0.009999999939361006382
 0.01000000000000000021
 0.01000000000000000021
 0.01000000000000000194
 0.01000000000000000021
 0.01000000000000000194
0.009999665231166778023
0.009999999999999373973
 0.01000000000000000194
 0.01000000000000000021
0.009999994473026938696
 0.01000000000000000021
0.009893367604090022929
 0.00996548964273094931
 0.01000000000000000021
0.003200809308629281626
 0.01000000000000000021
0.009999999999999998473
 0.01000000000000000194
 0.01000000000000000021
0.009999373592807695929
0.009999994248642616809
0.009948038927700825207
0.009999999999999535302
 0.01000000000000000021
0.009935415566298805984
0.009999218652387479797
 0.00999999998183568814
 0.01000000000000000021
 0.01000000000000000021
0.009995832886944854001
 0.01000000000000000021
 0.01000000000000000194
0.009965954111805976762
 0.01000000000000000021
0.009974005378605524733
0.009999953765841763931
 0.01000000000000000021
0.009990701643763710144
0.009585764297934193032
0.009767589170122008627
0.009514336438835084564
0.009916645461255053223
0.009965906038927635491
0.009999999999999878778
0.009645218451449728836
0.009999999999999998473
0.009999999904996332081
 0.01000000000000000021
 0.01000000000000000194
 0.01000000000000000021
 0.01000000000000000021
 0.01000000000000000194
0.009999999999998673145
0.009999999999999998473
