0.009958997297937846951
 0.01000000000000000021
0.009999999990868211133
 0.01000000000000000021
 0.01000000000000000021
0.009998203497668117432
 0.01000000000000000021
0.009331090388406605707
0.009996006382386443678
0.009842533331563771762
 0.01000000000000000021
 0.01000000000000000021
 0.01000000000000000021
 0.01000000000000000021
0.009999087319401927035
 0.01000000000000000021
0.009999999999999998473
 0.00999997582766158806
0.009999090980116687871
 0.01000000000000000021
 0.01000000000000000021
 0.01000000000000000021
0.009999652507066542767
 0.01000000000000000021
 0.01000000000000000021
 0.01000000000000000021
 0.00982528166020186014
0.007788824644917460328
 0.01000000000000000021
 0.01000000000000000021
0.009925190414579888182
0.009951141366860543833
0.009999992384511883353
0.009999999999999998473
 0.01000000000000000021
 0.01000000000000000194
0.009826138269221967522
 0.00726902374593261201
0.009999999999999944697
 0.01000000000000000194
 0.00998528423113812999
0.009659971915223015265
0.009951149919008393102
 0.00999999999999967755
0.009999999996096827284
 0.00999896623667233253
0.009999999999863486144
0.009998816499864176741
0.009999999999996234124
 0.01000000000000000021
 0.01000000000000000021
 0.01000000000000000021
0.009998877043655632693
 0.01000000000000000194
0.009999999999363689759
0.009999999999999998473
0.009999967866297202607
0.009999999999999998473
0.009999999999999998473
0.009999865119876258368
0.009870323740240317251
0.005809912242806171412
0.009993798541487700082
0.009999580540661774999
 0.00984194558319971026
 0.00709521158046066535
0.009999999999997412001
0.009999987700675847316
 0.01000000000000000021
0.009637399006308217456
0.009999999999999998473
 0.01000000000000000021
0.009999999999823903224
 0.01000000000000000021
 0.01000000000000000194
0.009999999999999592548
0.009999999704227206798
0.009998930509377328135
0.009765616510095947653
0.009302633496949973615
 0.01000000000000000021
0.009999999999995928812
0.009999891776006403568
 0.00999999999931986891
 0.01000000000000000021
0.009997016092323219444
 0.01000000000000000021
0.009839834327787609983
0.009999999999994334601
 0.01000000000000000194
0.009297157689705204744
0.009980471405724096121
0.009999999999342912976
0.009999999972611422691
0.009739265695462222955
0.009770996628798980441
0.009999999999999993269
0.009969613259164879226
 0.01000000000000000021
0.009981673211709923832
0.009999993328387919711
0.009999598528336832784
0.009999980681409729316
0.009999894173643476825
0.009997442671304280007
0.009968949584638795228
 0.01000000000000000021
0.009999919696011272396
0.009999999999999988065
0.009999999999992485386
0.009992078174751188938
 0.01000000000000000021
 0.01000000000000000194
0.008257935473144002378
0.009999999993944679033
0.009988007845283175187
 0.01000000000000000021
0.009999999999999998473
 0.01000000000000000021
 0.00516968292028815047
 0.01000000000000000021
 0.01000000000000000021
0.009999999941880015689
0.009576010508508933997
0.009999999999999998473
 0.00999999999999948673
 0.01000000000000000021
0.009999999967943411922
 0.01000000000000000021
0.009998099817716833357
0.009999999999999998473
 0.01000000000000000021
 0.01000000000000000194
0.009999999842104596859
 0.01000000000000000021
0.009816324123918796635
0.009999999999998409467
 0.01000000000000000194
0.009999999999999998473
0.008357094062181937358
0.009712004562812513384
0.009999993322889406608
0.009034376383638412916
0.009981883677224450552
0.009987145328103751857
0.009999999999999998473
 0.01000000000000000021
  0.0099728893154722182
0.009999999999999998473
0.009999999999991507002
 0.01000000000000000021
0.009999999985613865564
0.009985217548019386172
0.009999958422265347452
0.009999998656142795872
 0.01000000000000000021
0.008625778300662521533
 0.01000000000000000021
0.009999999949169346286
0.009973194435172066247
  0.0083775632792087492
0.009999988907522809958
 0.01000000000000000021
0.007949019023198939174
0.009999999999992672736
0.009996122230238504991
0.009999999999999993269
 0.00999715927465274698
0.009999999999999998473
0.009998673234318848635
0.009999832873287938656
0.009999999999836462622
0.009999795763710505117
0.008885628650163018491
 0.01000000000000000021
0.009999695309164296012
0.009999959485473523466
 0.01000000000000000021
0.005007215111092568928
0.009938344974707153529
 0.01000000000000000021
0.007843201505743989388
 0.01000000000000000021
0.009998692427438629626
 0.01000000000000000194
0.009999999999999811123
0.009955900448419121446
0.009998076865072015595
0.009980066172365407648
0.009975289222372774739
0.009999999978902017472
0.008253936765947123347
0.009999999999841078721
0.009999728831190579301
0.009999992405745884022
0.008794914588658740706
 0.00999999999999945377
0.009991557819052877473
0.009999999999999998473
0.008411033946429811309
 0.01000000000000000021
 0.01000000000000000021
0.009999999999817009433
0.009837069595604257255
0.009999999999983515131
 0.00999456084056483951
0.009996199731724749252
0.006520924149271687884
0.009999999542562143517
0.009992190750732158483
0.009999999999999998473
 0.01000000000000000021
0.009999998341215359313
 0.01000000000000000021
0.009999768188599494553
0.008978243856383332638
0.009999999999765158548
 0.01000000000000000021
0.009950873907910579019
 0.01000000000000000021
0.009999999999999998473
 0.01000000000000000021
 0.01000000000000000021
0.009996949226068842231
0.005360983157069228872
0.009996358727024388935
0.008325611652537815571
0.009261728670702955302
0.009689701911598342168
0.009998073145919219099
0.009999888779148122936
0.009999999999999998473
0.009407534490669852353
0.009999999999999998473
 0.01000000000000000021
0.009999961072339287257
 0.01000000000000000021
0.009999999687657912251
0.009958427680453034794
 0.00997980143978615189
0.009979178088870747573
 0.00833076912013658126
  0.0099999999999999898
0.009999998248338245327
0.009546987070177591003
 0.00999999999822008892
 0.01000000000000000021
0.009988322098991853776
 0.01000000000000000021
0.009998305483089248158
0.009999999999995437885
0.009999020249411856576
 0.01000000000000000021
0.009999985866696757195
0.009723751334636142676
 0.01000000000000000021
 0.01000000000000000021
0.007859535150477780369
0.009999999971838893081
 0.01000000000000000021
0.009858362106757421334
 0.01000000000000000021
0.009999996345720536112
0.009999999996667277222
0.009999995601733958905
0.009876675208285955881
0.007579928302455231533
0.009021270816644747989
 0.01000000000000000021
0.009947369332316515628
0.009999999999999804184
 0.01000000000000000021
0.009999999999942081261
0.009990807283217230036
 0.01000000000000000021
0.009999999999999998473
 0.01000000000000000021
 0.01000000000000000021
0.009999999999999996739
0.009121244533773163396
0.009372126568378963407
 0.00999999991031062796
0.009999874082122980901
 0.01000000000000000021
 0.01000000000000000021
0.009999999999988169394
0.009999926126631213455
 0.01000000000000000021
0.008896955574084965124
0.009999998781766793188
 0.00730505692182077844
0.009995755195326305742
 0.01000000000000000021
 0.00999999999999945377
0.009942091568524661499
0.008473646419554206957
0.009999999982724262076
0.009999999999999998473
 0.01000000000000000194
0.009999457212466505984
0.009974187202376224096
 0.01000000000000000021
 0.01000000000000000021
 0.01000000000000000021
0.009996902240851233273
0.009999998563441478763
0.009992025699251528073
 0.01000000000000000021
0.009894944529161571467
0.009512604198291130936
 0.01000000000000000194
0.009999999996991892556
 0.00954531096121179895
 0.00988921807527102896
0.009999999999954167079
 0.01000000000000000194
0.009999999951625978406
0.009683874653234472024
0.009019563924522976811
 0.01000000000000000021
 0.01000000000000000021
 0.00999997259650030508
0.009999999999759026301
0.009999999999637281672
0.009895060177850934294
 0.01000000000000000021
0.009999999999999995004
0.009753793625487987978
 0.01000000000000000021
0.009999999999999998473
0.009999867071764530907
 0.00668870854151855463
 0.01000000000000000021
0.009651862539247497985
0.009690793544784822786
 0.01000000000000000021
0.009844798621276643069
 0.01000000000000000021
 0.01000000000000000021
0.009644659844168290697
0.009613735441885666935
0.009987467699439969357
0.009999999999999998473
0.009999999999999998473
 0.01000000000000000021
 0.01000000000000000194
0.009999999998758299022
0.009998454837673141291
0.009999999391527254061
0.009999999640246651569
 0.01000000000000000021
 0.00967205303341396247
0.009997577010273381651
0.009999992511185946953
0.009775105748346765711
 0.01000000000000000194
 0.00999996841863285725
0.009999997858679558066
0.009999832473191095847
0.009999999999988592667
 0.01000000000000000021
0.009999998423615029733
 0.00955556324443061246
0.007947856342421521364
 0.01000000000000000021
0.006099790352847024068
 0.01000000000000000021
 0.01000000000000000021
0.009999999999999998473
 0.00954165504630303217
 0.00999809577880097361
 0.01000000000000000021
0.009999999981137850519
0.009999948558886796041
0.009999999681246703881
0.009999826939378758661
0.009999970221613925514
0.009558029644862721386
0.009999999999999977657
 0.01000000000000000021
 0.00939446827649835503
 0.00999999911145012764
0.009999999999208166596
 0.01000000000000000021
0.009999999999970275721
0.009098675810566636893
0.007625720518434780243
 0.01000000000000000021
0.009519421630570547299
 0.01000000000000000021
0.009911983284323086854
0.009998834706098115588
0.009999999999999760816
 0.00922569153920013707
0.009130932378259582968
0.009898774179419854782
 0.00999447088074588777
0.009999998946010059744
0.009725615195967330859
0.009999999988090228428
0.009999999993844909882
0.009999999921651559626
 0.01000000000000000021
0.009999998748553796599
0.009999999999999939493
 0.01000000000000000021
0.009794457849812528843
0.008589080251779125999
0.009999999999726989428
0.009999999999987166724
0.009999999952320140148
0.009999999997960893477
0.008954306728931767795
0.009998568357512265664
0.009999536100753721179
 0.01000000000000000021
0.009737230778408312998
0.008294128703730923799
0.006843247556975281219
 0.01000000000000000021
0.009190697967878951741
0.009986803811142870579
 0.01000000000000000021
 0.00562728760502890623
0.009999999998984224203
0.009999999999999264685
    0.00999999999999974
0.009996519531316474041
0.009996175779785693855
0.009999899577889397387
0.009999524950938473017
0.009990483498583946353
0.009766097930287688522
0.009999998671412118137
 0.01000000000000000021
0.009993055368784215658
0.009999999993033902371
0.009946306872466842072
 0.01000000000000000021
0.009999999999999998473
0.009539491325110588393
 0.01000000000000000021
0.009999999999995816055
0.009999452876209896993
0.006546163998117871148
 0.01000000000000000194
0.009925994725536570543
0.009999999787510991181
 0.01000000000000000021
 0.01000000000000000021
 0.01000000000000000194
0.009999999999999998473
 0.01000000000000000021
0.009998911065820008381
0.009999999999997911601
0.009999999999999998473
 0.01000000000000000021
0.009999980655482033562
 0.01000000000000000021
0.008177861390235425382
0.009827672513490030848
 0.01000000000000000021
 0.00413395791250284559
 0.01000000000000000021
 0.01000000000000000021
 0.01000000000000000021
 0.01000000000000000021
0.009998225533430516246
0.009999982120770431124
0.009779976436288948666
0.009999999999998447631
 0.01000000000000000021
0.009776882561232909732
 0.00999748345677221005
0.009999999938603461314
 0.01000000000000000021
 0.01000000000000000021
0.009991454257856798721
 0.01000000000000000194
 0.01000000000000000021
0.009740589316718339941
 0.01000000000000000021
0.009743881895488698194
0.009999863116693310724
0.009999999999999998473
0.009949958233496083645
0.009878115576671557541
0.009443919819790201273
 0.00990989900852466167
0.009090158157962272695
0.009916433758696141174
0.009999999999999590813
0.009757886654475201801
 0.01000000000000000021
0.009999999688323877797
 0.01000000000000000021
 0.01000000000000000021
 0.01000000000000000194
 0.01000000000000000021
 0.01000000000000000021
 0.00999999999999572585
0.009999999999999998473
