0.009965374266818158647
 0.01000000000000000021
0.009999999992206062838
 0.01000000000000000021
 0.01000000000000000021
 0.00999796812487461356
 0.01000000000000000021
 0.00889651149456514509
0.009992952994861241389
0.009914038879839031509
 0.01000000000000000021
 0.01000000000000000021
 0.01000000000000000021
 0.01000000000000000021
0.009998997899765644723
 0.01000000000000000021
0.009999999999999998473
0.009999978768408230786
0.009999252866148918353
0.009999999999999998473
 0.01000000000000000021
 0.01000000000000000021
0.009999640817906602433
 0.01000000000000000021
 0.01000000000000000194
0.009999999999999998473
0.009729933129186494473
0.006667733195881491923
 0.01000000000000000021
 0.01000000000000000021
0.009938954394688391189
0.009908654559498585729
0.009999993222753371727
0.009999999999999998473
 0.01000000000000000021
 0.01000000000000000021
0.008786532264141645732
0.009282553271527762759
0.009999999999999953371
 0.01000000000000000021
  0.0099901220382912128
 0.00950350508870594253
 0.00994033309594620669
0.009999999999999722652
0.009999999996668748267
0.009999129760372482689
0.009999999999881553289
0.009998989626205462278
0.009999999999996763214
 0.01000000000000000021
 0.01000000000000000021
 0.01000000000000000021
0.009997148864772426383
 0.01000000000000000021
0.009999999999444406443
 0.01000000000000000021
0.009999969583618336863
0.009999999999999998473
 0.01000000000000000021
0.009999867806583937618
0.009442350068890716444
0.006953264470549345815
0.009994082777391406075
0.009999583178521998655
0.009903740697118478681
0.009701644019164111857
0.009999999999997729455
 0.00999998878354388214
 0.01000000000000000021
0.008697629473030918379
0.009999999999999998473
 0.01000000000000000021
0.009999999999846628101
0.009999999999999998473
 0.01000000000000000368
0.009999999999999649794
0.009999999753270248995
 0.00999908516603584957
0.009793224418318037874
0.008997153102772567287
 0.01000000000000000021
0.009999999999996414535
0.009999906491496667396
0.009999999999412130178
 0.01000000000000000194
0.009997481112673598652
 0.01000000000000000021
0.009910346921081222143
0.009999999999995141248
 0.01000000000000000194
0.008199960122386841174
0.009975381351231736582
0.009999999999436511716
0.009999999975707994301
0.009643711502785598869
0.007715943505084375646
0.009999999999999993269
0.009976509047174089012
 0.01000000000000000021
0.009984100808926461498
0.009999994335155127506
0.009999695633970588984
0.009999982293444951639
0.009999860723483015856
0.009997201529775262552
0.009894505160790594001
 0.01000000000000000194
0.009999931704617640374
  0.0099999999999999898
0.009999999999993442953
0.009995724077068031746
 0.01000000000000000021
 0.01000000000000000194
0.008504316341427070255
0.009999999994666214712
0.009986758157378797587
 0.01000000000000000021
0.009999999999999998473
 0.01000000000000000194
0.009496595786052533864
 0.01000000000000000021
0.009999999999999998473
0.009999999949531256441
0.007694646067881226979
0.009999999999999998473
0.009999999999999556119
 0.01000000000000000021
0.009999999972542507332
 0.01000000000000000021
0.009997914647969657204
 0.01000000000000000021
 0.01000000000000000021
 0.01000000000000000194
0.009999999850297560527
 0.01000000000000000021
0.009903145625934840768
0.009999999999998624572
 0.01000000000000000194
 0.01000000000000000021
0.007187145486476606213
  0.0085483905039244832
0.009999993912532428517
0.009519232832236379505
0.009986247717685851899
0.009983350462017074115
0.009999999999999998473
 0.01000000000000000021
 0.00997280794553095408
0.009999999999999998473
0.009999999999992688349
 0.01000000000000000021
0.009999999987719039238
0.009986299617934417741
 0.00999996339085072912
0.009999998837517117684
 0.01000000000000000021
0.009481923106505953103
 0.01000000000000000021
0.009999999956939288961
0.009961367661752819694
0.007928292175497239982
0.009999990734645580748
 0.01000000000000000021
0.008471546828601616078
0.009999999999993718774
0.009995657619906372568
0.009999999999999995004
0.009993544341663935029
0.009999999999999998473
0.009998721476122754415
0.009999839231156278097
0.009999999999856968788
0.009999600146373481893
0.009557653765564135678
 0.01000000000000000021
0.009999747531153332925
0.009999965033010226045
 0.01000000000000000021
0.008313842876870532889
0.009929357157071636714
 0.01000000000000000021
0.009586022496673273288
 0.01000000000000000021
0.009998377328315342927
 0.01000000000000000194
0.009999999999999837144
 0.00995368932884234045
0.009998096170289740361
0.009972930350762923557
0.009907047480145108123
0.009999999981727540274
0.008754096243012607706
0.009999999999862042854
0.009999801449595231706
0.009999993472960034407
0.008330396215135656146
0.009999999999999524894
0.009991294102010665062
0.009999999999999998473
0.007564647512095617511
 0.01000000000000000021
 0.01000000000000000021
0.009999999999845333998
0.009881009532118668198
0.009999999999985827517
0.009990610021234408791
0.009997012611782115851
0.009116442628190175868
0.009999999616143239595
0.009989989405237242534
 0.01000000000000000021
 0.01000000000000000021
0.009999998468421516379
 0.01000000000000000021
0.009999753192757841053
0.008094398941895531233
0.009999999999795830194
 0.01000000000000000021
 0.00996924938423789965
 0.01000000000000000021
0.009999999999999998473
 0.01000000000000000021
 0.01000000000000000021
0.009997211482343009922
 0.00710110435337940344
0.009995459783665535183
0.009683157801348029128
0.007876686805335660069
0.009408470458559295077
0.009998713261937186569
 0.00999990047740895345
 0.01000000000000000021
0.006138888048546885592
0.009999999999999998473
 0.01000000000000000021
 0.00999996069833777694
 0.01000000000000000021
0.009999999718632896981
0.009955125278946048983
0.009989196692576144537
0.009988951886014119097
0.009296298285987592697
0.009999999999999993269
 0.00999999849111226323
0.009832239497342718654
0.009999999998460518125
 0.01000000000000000021
 0.00998885953729331845
 0.01000000000000000021
0.009998622789288568943
0.009999999999996060651
0.009998417881571110277
 0.01000000000000000021
0.009999988043428137408
0.007098262390790468709
 0.01000000000000000021
 0.01000000000000000021
 0.00492508076813393935
0.009999999974738698477
 0.01000000000000000021
0.009677256139668410917
 0.01000000000000000021
0.009999996568547464895
0.009999999997106207364
0.009999996065078021676
0.009833097617204992688
0.004036147836580853548
0.008283766811538943384
 0.01000000000000000021
0.009927647451059154818
0.009999999999999828471
 0.01000000000000000021
0.009999999999948994134
0.009993092145947757646
 0.01000000000000000021
0.009999999999999998473
 0.01000000000000000021
 0.01000000000000000021
0.009999999999999998473
0.009300113384339982192
0.009729996502405054495
0.009999999924219573136
0.009999888983306767787
 0.01000000000000000021
 0.01000000000000000021
0.009999999999989612684
0.009999937377658533327
 0.01000000000000000021
0.008090296815559323493
0.009999998756612333076
0.009784594162890503793
0.009995219013773700562
 0.01000000000000000194
0.009999999999999531833
 0.00996050508364599782
0.006926652180216084399
0.009999999983423648806
0.009999999999999998473
 0.01000000000000000194
0.009999506351438152904
0.009974945933778350468
0.009999999999999998473
 0.01000000000000000021
 0.01000000000000000021
  0.0099961105452854946
0.009999998716247559052
0.009994140817593262505
 0.01000000000000000021
0.009558445638858971416
0.009155667372143471566
 0.01000000000000000194
 0.00999999999741870392
0.009609386224088639281
0.009958085122602405859
0.009999999999960772906
 0.01000000000000000194
0.009999999955566914525
  0.0094415237545612124
 0.00939394044991881047
 0.01000000000000000021
 0.01000000000000000194
0.009999976505337317828
0.009999999999788344862
0.009999999999687885291
0.009913048140469346917
 0.01000000000000000021
0.009999999999999996739
 0.00984435294590840608
 0.01000000000000000021
0.009999999999999998473
0.009999894497490597819
0.003476129905356111372
 0.01000000000000000021
0.009638973126537147412
0.009254269721922614433
 0.01000000000000000021
0.009611110828788771085
 0.01000000000000000021
 0.01000000000000000021
0.009682847571844293774
0.009209501773058008378
0.009984364593222612438
0.009999999999999998473
 0.01000000000000000021
 0.01000000000000000021
 0.01000000000000000194
0.009999999998912652982
0.009998421589714817301
0.009999999489764811039
0.009999999665209577393
 0.01000000000000000021
0.009038795274534855428
0.009998365432295600735
0.009999993519200325517
0.009800048781806703149
 0.01000000000000000021
0.009999973152449924754
0.009999998070058940813
0.009999798125928384754
0.009999999999990221572
 0.01000000000000000021
0.009999998566611708467
0.009668414261604260998
0.007982632988140619598
 0.01000000000000000021
0.004766590660929377436
 0.01000000000000000021
 0.01000000000000000021
0.009999999999999998473
0.009687926987890449482
0.009997598316989594197
 0.01000000000000000021
0.009999999983736133219
0.009999961016399057379
0.009999999731958071278
 0.00999980629198237575
0.009999974673956425406
0.008492287063209277495
0.009999999999999981126
 0.01000000000000000021
0.009769932499545400106
  0.0099999992085488109
0.009999999999317372643
 0.01000000000000000021
0.009999999999974367934
0.009723702536120405748
0.005500705893299022257
 0.01000000000000000021
0.008443426466438298111
 0.01000000000000000021
0.009932048539411507393
 0.00999892465541018724
0.009999999999999795511
0.009460893207829225784
0.009554495681241198524
 0.00983601970758452189
0.009996659120705067222
0.009999999086819781266
0.009584088447458959797
0.009999999989980761297
0.009999999994692599856
0.009999999931298136566
 0.01000000000000000021
0.009999998929939229314
0.009999999999999946432
 0.01000000000000000021
0.009364925384694361074
0.006632748084661443597
0.009999999999764702316
0.009999999999988717567
0.009999999957947348916
0.009999999998211462141
0.008154335066919539757
0.009998655660410655371
0.009999533326894998603
 0.01000000000000000021
0.009885630630777868591
0.008128489626820304889
0.005486636947073785311
 0.01000000000000000021
0.009505233522150760214
0.009981012212266184708
 0.01000000000000000021
0.008110566059901375136
0.009999999999130189041
0.009999999999999353156
0.009999999999999776429
0.009995807847991859674
 0.00999489036496644008
0.009999904707950476451
0.009999512642377861305
0.009990481893695153312
0.009574054066211442823
0.009999998892582604576
 0.01000000000000000021
0.009985384740903241463
0.009999999993892829883
 0.00995808165511222719
 0.01000000000000000194
0.009999999999999998473
0.009048778569925544635
 0.01000000000000000021
0.009999999999996329533
0.009999575274788582643
0.009578846210940185693
 0.01000000000000000194
0.009912851933145271424
0.009999999821439422426
 0.01000000000000000021
 0.01000000000000000021
 0.01000000000000000194
 0.01000000000000000021
 0.01000000000000000021
0.009999036355300052609
0.009999999999998175279
0.009999999999999998473
 0.01000000000000000021
0.009999983732869546782
 0.01000000000000000021
0.009132405343222569846
0.009776967770020144124
 0.01000000000000000021
0.004300699095797102731
 0.01000000000000000194
 0.01000000000000000021
 0.01000000000000000021
 0.01000000000000000021
 0.00999875333165218573
0.009999983448209971357
0.009715715071784781012
 0.00999999999999864192
 0.01000000000000000021
0.009818183017680682731
0.009997833755359052457
0.009999999946676071602
 0.01000000000000000021
 0.01000000000000000021
0.009989591519916048504
 0.01000000000000000194
 0.01000000000000000194
0.009731938999952789715
 0.01000000000000000021
  0.0096590056551657099
0.009999868210248568853
 0.01000000000000000021
0.009946579197771487219
0.009859542355724308302
0.008972624242695270355
0.009781386049003826591
0.009429178484508150479
0.009956223862895919804
 0.00999999999999964459
0.009647365159010339378
0.009999999999999998473
0.009999999723383836206
 0.01000000000000000021
 0.01000000000000000021
 0.01000000000000000194
 0.01000000000000000021
 0.01000000000000000021
 0.00999999999999615953
0.009999999999999998473
